1530
3891
4903
964
1737
2529
3418
1860
3197
2531
1552
1074
1079
1733
1117
1031
934
1534
1706
1055
1560
1299
1299
1220
1078
889
6260
2611
1395
22261
946
1013
2500
1015
945
1508
1027
2017
1547
1081
8861
1201
1192
1039
1072
2115
976
3118
1182
1169
2144
1240
982
1051
1238
1092
1113
3065
2281
1931
2034
1102
2466
3318
16339
1539
17726
1045
2065
963
27512
955
1125
1519
1044
1018
983
8926
1708
2835
6866
1078
1664
993
8520
9667
2408
2339
1161
3045
4499
1478
1394
2282
1168
2086
1166
3502
1054
1278
2142
1549
7948
1434
3735
3617
1188
6226
2548
1020
1856
1433
1439
4760
1105
2144
1403
2754
1357
1013
1273
1043
1265
3170
3702
2382
1299
1332
1104
11376
874
1046
1127
6355
11975
1753
1525
1081
952
1222
1453
2121
7772
1855
3399
1156
1003
994
1024
1053
9821
1851
1015
1808
2489
4556
8924
5082
5587
2464
990
998
2832
2625
1712
2195
1773
1094
10551
1006
987
17275
1221
1016
1017
1004
3540
3566
1304
1709
1689
11537
