1776
2030
2589
21829
4729
30222
4307
3755
10738
5562
19359
1405
0
9258
9609
0
2688
20392
23275
1595
0
1241
1114
4135
0
19718
3769
1161
0
1054
1679
4387
1142
8006
2798
1041
2801
0
2342
1908
9576
1278
2417
2036
2032
0
3722
2240
6591
0
2023
10795
1302
2103
3163
1055
1046
6275
1281
8689
1324
3298
1527
1059
3661
2386
3269
1723
12851
1335
8523
4954
0
1499
1511
2550
11692
5056
2518
1513
1584
19712
2577
1270
2083
12930
2728
0
7173
0
4810
1151
40196
6737
2047
1400
8913
4993
8459
1864
3546
1308
1691
1699
1535
1382
2558
2993
31497
3041
0
9016
6627
1676
0
1089
0
1391
0
5017
1515
7501
6280
3273
4487
2222
1089
0
1251
0
20302
1813
1146
1801
0
1754
1282
13422
4596
4576
0
2502
1852
0
10002
13011
3885
0
2689
12916
2922
9355
3606
2728
0
14391
1547
3911
0
0
3822
25710
6367
1097
0
1840
0
13034
6053
16903
8423
17463
1094
1219
1460
1646
21839
34317
0
1215
0
4177
2389
0
0
1619
1049
1604
1447
1483
1503
0
2032
2244
19886
5687
0
8233
0
4624
7005
1164
0
15068
8158
1031
8956
5677
1379
1474
9265
1181
0
9023
1681
6101
1517
28775
0
0
35794
4360
4323
3854
1352
17010
11070
31941
20664
6945
2239
1063
0
26076
1552
1994
0
20787
30281
0
2518
1488
0
1522
0
2732
1301
31984
13234
8052
19685
36349
0
1524
1795
9685
5557
1706
1462
9855
3082
0
6791
0
6822
916
990
10270
1773
1724
6019
2347
36317
0
7570
3611
2012
11788
16264
1698
2120
1442
0
6444
7172
1522
2073
13673
17428
4113
0
1205
0
2213
6335
2664
7720
4058
1444
3579
0
8084
17361
14256
0
1295
13450
11714
1063
1132
6992
1259
0
7194
5189
9771
3503
1116
1326
0
15297
0
18648
15965
1949
2094
2225
2175
6831
2438
4908
3337
0
13109
1667
9377
7684
1842
2091
0
19781
0
1465
2076
8595
2210
5080
2254
0
16525
3929
1765
6014
1182
3416
6152
0
2951
3814
1287
1300
1961
19297
2749
2110
0
0
1046
8422
6945
1316
2775
8006
10093
3686
1896
0
5282
18568
1376
939
6460
1032
1014
1888
1952
13740
0
4385
1261
1764
0
1014
17257
2707
3284
0
1807
0
0
4974
1322
9159
4330
1166
1209
3215
3132
3411
2680
2412
2374
2342
4527
0
3390
24319
3143
15913
4741
1047
0
2874
2892
32589
1967
1456
2084
2259
1259
3656
3189
2140
7075
15493
22238
0
2221
3136
2994
0
1736
3332
4882
0
1423
14336
2525
0
1431
2434
3124
1419
1420
5337
0
1774
10868
3097
1368
0
2264
16998
28349
3257
1927
1771
1267
0
1908
3326
0
0
0
2990
2370
1903
1923
1579
25710
2657
3096
0
1050
12812
0
0
0
9709
1776
1405
1631
0
1187
9220
1254
3579
7219
1544
0
1500
1614
0
2182
26771
0
0
4789
7109
1320
5061
1633
2277
8399
2488
1980
20608
11075
9000
8566
14822
1757
10148
0
0
0
6485
5718
0
1110
0
2972
1317
9156
0
3113
0
0
1026
9413
0
3262
17652
2901
1856
0
9202
1099
11938
2036
0
39751
0
1141
1231
1132
1243
0
0
5837
3158
1492
15893
2419
1249
15327
1784
2441
8096
16880
3875
0
18150
1366
1099
1141
5763
2122
13696
5804
1598
5683
1236
0
2776
6905
1196
2199
15877
1955
16127
0
1829
1681
0
14434
9012
8372
4525
1222
1654
1403
3909
2389
0
0
2437
1553
7612
2949
1695
5420
1719
12227
13199
0
5494
1923
2934
8462
2939
13896
1405
3882
1590
0
1170
0
2275
1394
3078
11524
0
3705
3570
0
5275
7409
25579
8631
39208
0
0
1077
4074
3885
3279
1490
0
4279
18188
2675
1221
38500
1422
14523
1015
0
4250
7164
8592
0
7774
10394
3901
4275
8604
13757
2643
18796
0
2395
1753
31817
6619
2466
0
16462
0
8620
9647
1591
4980
2703
0
2779
0
8615
4496
0
17314
1121
1631
1457
997
8469
1087
28230
0
2627
0
4767
0
6585
1589
1621
1356
3067
3810
29087
0
3348
2874
7503
0
2844
0
4361
2247
4744
1498
3391
0
1396
1173
7255
1274
1236
8629
0
2293
20469
10232
21999
6436
2731
2819
1459
1057
1208
0
23430
2567
2003
4529
4736
19016
1020
1581
3064
6312
14185
3635
14025
14613
31982
7801
0
1909
6833
0
2982
7205
11030
4736
1428
4090
3615
1332
2948
2915
3059
10764
0
1127
0
1550
2306
16638
0
4376
1513
1792
1011
2972
12230
11139
17189
4023
0
1945
3333
1606
1624
3786
8574
2588
3239
0
20910
1413
2411
4187
3922
2094
3793
0
2296
1441
3399
17342
0
15742
3473
0
13742
1949
3212
1356
1321
1216
12922
12809
0
1242
1725
0
2944
6573
2782
2256
0
1321
13455
9890
17615
5453
17790
1537
2110
1395
2640
1018
6653
0
1572
2151
2331
13753
1170
1820
1139
1445
0
1646
5220
4090
1592
1683
0
6133
7015
1893
1763
1124
1315
0
0
1775
1875
1529
0
13406
2562
9601
