5969
1471
12328
26503
13156
5300
22156
4827
12983
9632
19853
13950
2574
2546
2530
2434
1177
13441
2006
2006
1997
3221
12751
6262
20581
20732
19187
3265
10791
14461
6904
2779
6061
24253
4849
4272
4953
17867
18262
2207
2644
18959
8797
6961
1267
2945
4012
2431
7464
1441
13028
7105
13458
10549
8759
15849
7703
1777
6375
18734
1302
1218
1360
1401
1363
1044
1382
9734
1585
8446
2418
10184
17581
13196
8425
18438
19016
4553
9569
10683
1808
1808
1869
12313
2538
4452
17799
6842
20018
5252
1411
2367
12272
3411
16033
2827
2842
15594
9960
8037
3356
2433
1704
6642
10459
10141
4767
18788
8109
14661
20151
5238
11167
16364
20923
8704
2800
3367
15122
1336
2605
3880
3336
3348
14592
1582
16672
17183
2807
7646
9337
2057
4408
9857
2485
22651
5553
1692
16333
21343
7430
13917
2904
2854
8545
14270
7171
3142
12625
11509
9756
1357
11662
10098
8860
15261
2597
4112
4725
1746
3463
2537
18561
18643
1910
18953
2006
3743
3741
2153
3769
5048
3670
11227
19174
1727
13564
7879
6038
7109
1112
12769
20760
20951
8231
10750
6000
4354
7614
9288
1199
5999
8126
5921
3473
2118
11100
6340
9527
1143
20174
11845
7339
9258
1231
10392
9825
9636
13740
14218
9089
5988
6253
4387
5531
7307
8514
2146
1923
1943
8618
15131
16003
1688
26863
13405
7712
14749
3288
6229
20321
3046
1730
1727
16939
1694
2628
8644
10934
4940
25589
1782
1721
3843
3270
10755
11208
2513
7877
3767
8898
9705
7599
28834
17415
3191
10284
22702
1784
1735
3949
18174
2824
20379
22532
7387
3270
2778
4434
22005
3078
3060
18644
18653
2145
8142
7837
5312
1255
5978
4863
6221
4616
4453
3521
6833
2363
2183
5163
5231
5041
5096
10118
12002
10027
1376
2004
8615
12810
8891
15635
2784
2783
11884
8656
10342
6658
4831
7537
11648
11376
5019
2548
3700
2694
7407
3875
4858
12719
4817
12648
7170
1913
3735
4287
9737
2173
3481
1122
8862
4793
21780
10781
9973
20883
2239
1255
6050
8904
13648
6125
1030
6668
27407
2104
3551
4006
4796
16530
23879
4617
2155
2110
2158
1413
13776
6087
16438
2684
3987
3018
3691
3870
4941
16778
5483
13083
30119
2177
5708
2595
1590
2174
11726
4998
5772
13398
7915
6620
8499
39209
1748
18664
3362
3048
5962
1857
24173
6107
2971
6044
21044
25807
26397
15130
13570
2855
24810
3653
3640
3123
2728
2588
2607
2590
2571
2494
6116
15534
7833
9113
14951
8210
11271
2244
3448
20207
22592
2563
10873
7189
4662
7479
2909
13301
14050
9697
4877
4725
6145
3715
11044
4692
7821
14777
10814
3763
17771
12575
20427
1186
2924
14611
11508
2401
1360
1649
1640
1632
1922
2522
9390
17178
18122
6691
4628
8767
16931
25825
15447
14695
6645
6784
6569
8377
7792
1949
1895
5921
5841
5839
2702
5057
8265
10366
2969
1718
2051
19428
19513
8002
18794
15678
9927
23141
14483
3142
1906
6340
2237
10488
18959
5015
8272
2670
4233
6263
6975
4352
12886
7419
3991
2841
3544
1090
1972
2011
1910
9897
2052
4795
2702
10067
3880
6500
13996
7237
2679
2833
12244
3782
15519
18610
3290
2999
6965
7258
2345
1409
5162
11043
1534
4203
13058
12118
21801
17839
4542
17214
6280
12021
18889
19231
12537
2802
3128
2918
7415
3755
3750
10774
21102
3671
24206
3220
19707
14812
3692
4930
4001
2148
10984
16218
7823
2612
12093
9673
5825
7107
7116
12099
4980
10402
14650
5701
10910
12291
1419
1387
5857
5475
5358
12704
11849
2534
14745
6039
7218
14444
8761
4852
6469
21782
2188
8781
4659
17902
15676
14078
1489
1482
10469
4717
4734
2556
11179
6477
6321
1086
18146
20567
3262
20302
16354
4654
2869
16846
7785
19656
6931
17201
2026
3209
3236
2631
1152
3627
18122
3175
2913
7716
1121
5717
4890
5472
4027
1447
14274
3501
11504
12087
7313
18544
5809
1358
3252
7941
2228
14565
2304
2799
3737
3379
6005
1471
1643
11693
10703
4534
21358
2415
4194
12504
17919
19205
13740
19960
8337
8981
1011
3084
5337
17896
3206
10580
5558
13507
13770
10956
17260
23345
3230
2593
11485
2101
2389
10543
2064
11391
19886
15425
9731
12051
6120
15796
8609
9505
1291
11082
8353
1756
7070
15317
3391
18967
24892
1629
1795
1855
12335
7010
10112
19332
9170
32539
6554
2614
15393
14881
3117
4565
4774
20116
8130
8175
10783
1820
10468
3557
1645
11364
6462
9830
5025
24626
1278
1283
1223
1162
1174
1278
1242
1184
3007
1224
14343
4969
1927
9967
3709
4058
15188
6772
22198
10450
10623
2855
2156
13243
14369
9003
3769
14091
15415
2158
3906
4814
18616
8383
2057
1573
3829
1410
9871
9491
11600
2517
18095
10752
4749
12367
5728
16967
18915
5867
16860
7505
4419
14545
5111
2492
4955
7268
1540
11940
16067
16625
2049
9903
19666
15373
10359
2786
17623
12623
2335
14381
7434
19149
19298
2599
3622
3634
3292
3205
1148
1077
1203
1223
1217
1223
1222
1207
7859
3552
24372
24420
9212
21844
6210
11321
10154
7570
2070
16092
6769
10155
23994
10784
6513
2062
11419
11031
3716
9153
2059
12507
1782
20106
25185
10081
10396
5618
15021
10954
1682
15585
22642
6226
7891
20246
3448
13651
7835
13590
20774
3298
3340
3567
7002
13754
9839
5518
2514
16264
3783
4844
4821
4921
5209
9612
3080
15108
6438
7737
3643
4440
4265
2563
1883
2325
1225
2142
3081
3102
16247
14809
15526
13179
10286
12140
3365
1938
4164
17252
1675
18189
15155
14624
1773
1756
1748
1611
1616
1632
3517
4088
3698
9077
15741
7057
6940
2228
9571
12816
19082
10328
7016
14970
13345
8265
12240
5292
7174
1685
16393
11595
5738
1899
8660
21416
10626
5460
8015
6018
9965
18728
10451
4961
7602
3367
2123
12757
13326
3167
5679
2025
2045
2047
2055
9090
14616
2711
2748
20129
23212
3712
8755
5065
3429
1836
3742
8270
18549
21084
4296
20168
1929
9340
1745
1788
1786
1762
13163
2545
12895
6413
7092
16214
15871
8113
3485
6777
1590
4932
2362
3474
2066
5763
3562
5467
1694
1299
1576
24911
8642
2997
2946
14011
3578
17084
11529
19458
1139
7715
2394
2255
8297
12954
1247
9003
2095
4260
8679
8575
19694
16289
19030
12198
4355
4515
2402
8462
7395
2471
17260
13776
8430
3663
8805
30518
3401
3863
6960
11000
18362
13114
16396
1947
13304
7851
6822
1367
12901
1041
19152
7118
1879
7535
21867
4161
9148
8020
8474
9845
10392
22149
3316
2565
3981
11491
4217
12567
4417
4542
4571
3114
7098
7812
13901
1723
8161
1129
6930
6961
24132
6505
10253
12629
20568
6200
1465
7348
15430
8755
14973
8971
2907
2838
1951
4278
4829
15969
1546
6113
5171
7101
16196
16663
6226
4137
10484
2582
14156
18858
4435
8832
4267
9819
3934
13828
15842
4833
12538
4683
7254
4732
15267
5675
7996
8292
16742
9576
15355
7520
7740
13477
1280
1263
1264
1261
1266
1284
13609
2632
2550
2537
2683
22868
5940
2281
25614
11902
15927
1598
4602
1357
1726
1775
7776
27681
23886
19950
19526
2790
4954
3333
1565
1833
17508
34915
16926
13689
8690
3345
19270
9778
11854
16970
1891
6066
11129
3906
7935
6749
19907
10907
5232
3087
8663
3373
13989
3405
8833
10966
5270
8340
15078
27937
3147
13331
5316
3123
1537
1722
11264
20125
5383
15608
18207
18350
17667
23563
11920
18230
1448
15567
10298
1735
12874
15201
19878
5425
5055
5048
17074
8746
9333
1598
9814
8259
7683
3552
3043
12430
5781
6473
6305
17458
2389
11163
4348
12935
5973
9361
4172
7980
10571
11441
16859
13872
1525
3543
5555
14172
5106
31970
7181
3438
19723
12602
5244
17376
16407
4223
11425
9908
9087
13065
2864
6079
7334
7829
7423
8346
8198
6537
3059
16931
10370
11919
4341
14305
13297
2276
4701
12107
5697
4283
11841
8087
20617
14119
14638
5229
11456
3657
6274
8311
12665
19423
4538
5915
6178
20024
7089
12215
6708
4962
25643
4590
18996
9257
11766
19044
12236
15572
19208
1087
14026
4624
13909
4155
2161
2192
2198
3682
1996
6611
12015
1896
3833
7697
26312
16725
9937
17388
4488
12533
18400
2949
14804
3047
3375
3328
8121
19887
10995
14051
6246
2738
11790
6647
5919
6188
7694
21571
7636
3687
17547
14569
2732
8115
17179
15048
20905
1068
9952
10761
21214
19446
10543
1466
18915
2201
12916
8499
1470
1466
1434
1477
1457
11528
1363
8847
4734
8700
25800
2997
12310
11234
4691
7658
5553
7253
27222
2318
13274
15003
5761
6328
6202
10219
4152
1120
9131
16125
10909
4745
1596
1627
1483
24823
19419
2544
21646
6599
5178
15843
16409
15637
1657
3579
11914
2703
4309
4136
4884
22449
7353
4492
18054
1388
9724
13072
4424
3388
3588
23097
7973
4687
2982
2999
3021
5326
9808
7304
16441
11750
3506
9598
4209
3486
5997
11962
5139
1297
17705
16471
12219
4858
4442
12737
4107
4350
11290
1912
4411
2222
5494
7926
18864
8493
3844
5897
7674
6091
9098
17006
9708
9324
3051
18854
2880
4606
2411
1398
5617
1022
2549
18800
12937
18717
13090
5974
17358
9354
13421
10070
9024
6684
1366
6779
5946
11569
19276
9939
1836
3223
3672
10210
11179
17545
3097
17817
3921
8305
6595
3785
8056
12714
10279
13884
11819
13754
7193
12191
10128
4734
5866
6708
3500
11581
5847
4720
3834
8262
7419
19960
5462
8132
3117
1300
1280
21019
12973
10323
19638
19345
14519
2298
2269
12881
1235
1233
1228
19235
15077
3505
8841
13602
8826
9510
9342
10295
3090
8326
2377
18035
14511
1141
9376
7687
18076
1150
17029
5188
10184
1591
1605
26072
3743
9515
9897
13932
24328
2612
2617
2602
2595
17613
4097
6351
1645
26370
16287
7346
7843
2967
1795
17884
5578
6379
6446
2077
2029
5405
10423
25066
2002
1827
1843
1837
1837
1826
1815
7954
13847
6299
15786
2870
5592
9385
9349
1531
3230
3247
3950
7126
14879
10481
14129
11808
1331
4562
8243
3443
24453
3085
1937
8880
11634
7476
2819
5804
14898
20901
1850
2317
1357
2005
14825
3466
5502
18321
16220
7945
16946
3454
10426
3883
2015
5476
7568
3739
19562
5341
3987
29313
4504
9373
14746
4369
4315
1473
12574
21459
3852
1416
16920
20067
13850
4556
11598
6543
10682
5823
4899
7910
15768
3730
7166
23803
1979
3349
3745
9523
3412
1309
1224
8959
2077
2191
7311
7298
1115
16196
1893
1937
1000
17499
8352
7990
4443
3535
4887
7278
3648
8932
2044
11037
13877
2568
2402
30966
9592
3778
2721
15991
1698
13129
6200
6015
3008
9572
7408
1670
1742
1667
1731
1128
16663
1621
1308
5928
1592
13578
12317
4257
18440
5652
10048
10235
17575
5865
9304
12286
17365
17883
17026
20440
2037
23456
2377
8680
1841
7124
10291
7122
6446
11908
5446
3535
2174
10216
1572
13549
2073
4103
6713
1281
8720
6893
14957
10044
5173
21766
4449
7111
9790
5424
14043
19515
7847
11948
14800
2990
9537
2344
15497
2224
4876
8969
9576
13875
4221
3403
2972
7004
17285
10605
16897
6021
4789
4229
1996
1404
1875
1982
1982
1994
3638
11893
3800
1312
2007
6659
15504
6328
12440
5257
30487
13737
5057
3514
7845
3020
10672
8374
14615
6257
2150
2654
2693
2707
2698
13696
17740
9142
7752
11040
2433
2428
2030
26307
3061
3975
8603
4209
7322
8547
16315
2026
18788
1240
14072
8791
9398
13235
3718
10886
1023
2051
13915
1110
20099
1016
5716
12986
15442
14030
7373
3011
5739
4898
15472
5252
16530
16673
3862
1487
2197
8791
6684
6211
6989
1190
18769
7548
2990
3442
18858
10547
4024
1586
1585
13148
19032
7291
15094
3048
1116
1103
1128
1021
1096
1118
1828
5778
17228
7637
2391
5809
1754
9892
19587
3961
3965
9499
7799
1235
21264
1663
8719
14796
7322
1533
9305
7702
5329
6347
5138
4770
5177
2058
2059
2054
20179
9177
7177
2136
2588
7564
16665
15748
22026
3270
11065
15475
8482
6372
11763
7172
14803
25983
16902
6006
12883
12561
14405
4604
2345
3544
1723
9722
8064
4262
3334
3380
2501
7808
9791
21214
3232
10561
13728
1609
8188
5040
19878
17931
4069
6203
8575
3860
7428
16717
8370
6685
5510
13288
3815
7249
8324
14103
23214
2135
15800
18044
6692
6306
4979
18086
1501
4346
3400
5875
10418
3472
15269
6752
14665
13379
13468
22973
18445
1763
2555
1631
12083
1112
16235
3926
17924
21767
12380
9990
9033
9696
4042
1588
15248
1848
1859
1860
12927
15348
10025
10959
2569
3084
16862
5689
13612
3282
7647
1112
2000
2859
19214
21651
10544
8501
1949
1729
13438
1464
5206
24914
6492
16521
5529
13185
20372
14649
17269
3858
26473
15852
2756
7132
14459
10945
1353
11480
1558
3355
14829
7262
2618
9318
7988
2393
2365
11007
7302
1587
16843
11832
11546
2056
3165
3285
15653
24452
2352
13072
1974
4296
18513
3219
9544
1229
15576
10976
5543
19548
5511
15749
19482
17682
10675
6215
13443
2872
3242
5104
5380
11337
3783
15170
10650
2329
1148
6602
20603
4971
1756
5176
6867
6789
2713
9591
5961
23455
9014
3252
4747
2081
2052
2080
12274
17174
15828
4530
13274
3495
9677
8952
9050
11479
1159
1081
23104
8441
11518
4036
3623
1654
3383
3195
5399
9968
2658
3041
7086
14522
7951
8762
2697
4229
8706
5128
14588
2920
11504
2554
11278
9623
3692
3714
3711
3710
7937
2402
2429
2407
1047
1341
17547
3738
9411
23405
10253
5432
14997
17011
9572
1964
2548
2312
9346
10421
2224
24661
5107
5027
18235
7563
4886
13564
2088
13131
9897
14617
3533
2232
19139
5875
4883
11210
7556
19723
14911
4687
8151
5318
7899
5957
16600
2149
4792
7473
2768
7294
5537
9854
13764
1321
1350
1331
1320
1318
8686
14849
5562
10089
3543
12381
14041
2841
9543
8456
17064
9770
2770
15551
4185
21619
9260
2962
2116
2484
19003
5901
5338
21085
1146
8741
3555
1227
1204
1223
1216
1179
6383
10166
4831
9949
14457
13651
7103
7134
10643
7115
1863
7863
8290
17418
26391
4059
11239
8502
13640
18032
7259
7935
1895
2295
2315
1944
7935
8697
1900
16015
5427
1081
9994
5157
10843
1922
1868
1941
7128
4679
16103
1680
3054
17585
6164
3197
11022
18968
20980
2094
17650
15507
6309
8885
2543
17444
9484
18991
3019
15927
1736
12843
4148
4268
17276
2055
2988
5159
9506
16498
11485
20761
12659
11046
8943
4294
11550
13389
2621
12563
13932
5576
15793
4496
20236
8588
2223
3153
11251
6450
6799
3731
7129
3554
1483
1769
1774
2815
8180
12838
22550
2717
11644
10593
10292
5870
13704
10375
10013
5291
5388
9923
3913
3391
7374
24616
3161
2497
16205
10140
4646
9491
1672
18965
30957
19568
2536
21100
10227
6151
6851
9377
4485
6635
7559
28721
15398
1946
9730
2217
10038
3337
1966
5729
1747
13326
14252
7391
17543
16588
8658
3218
1304
1425
1447
1450
1429
1923
1562
12474
13581
7948
11667
12682
9451
3632
7129
16879
7834
4423
2030
6090
26752
12886
23009
3814
12181
2789
12364
6524
10393
15642
17472
8831
3663
18172
17854
8004
3546
13584
7230
24723
5675
13064
10405
5508
9866
24181
16642
8396
7656
9970
1611
4917
4811
4013
3149
3643
7606
1826
1835
3442
6387
5225
14907
19583
3143
21541
17364
16630
5078
14143
15843
28846
2572
2312
9234
17770
2169
19414
2126
4526
12731
12945
10964
11895
3757
10890
3398
2624
5445
13274
2879
7602
1160
17418
11666
2905
16716
7385
7088
8968
10071
7850
21906
14562
10970
12361
3063
2728
3083
1854
19440
5579
13844
8877
19199
6726
16576
21549
11625
1916
3877
7495
2325
2126
4545
19532
13204
10780
7846
16385
1829
2389
7397
6721
7607
5656
3683
1981
3273
9432
5524
1707
1347
20169
23093
6187
5110
7641
2043
1989
22764
20195
7533
3274
3665
1941
18741
9501
7767
10835
9540
10422
10509
2149
18811
5180
19819
13510
21206
9230
12881
5545
9009
11268
9325
20128
4623
8562
1018
15825
3882
8933
13564
12100
15298
6908
9505
14633
9679
3457
4403
7642
18025
5812
4106
13443
10379
2057
5737
7754
10563
20777
13839
2831
14034
23409
7590
3098
3106
14896
17702
3557
6878
10700
15937
11129
11842
4524
7862
11255
18363
6154
17973
6190
3012
8344
3667
2922
1329
6875
1997
14719
13394
19955
4488
2389
3746
3166
20289
16285
18359
2624
3162
17405
5302
11875
3467
6069
18652
4616
1960
19944
21693
4317
13508
2894
6208
6163
5183
1892
6006
3115
6057
1046
16656
21763
5871
9147
10994
16721
5814
10350
18147
4875
3390
2237
5782
1074
11690
12633
13954
11516
20518
9434
4795
3774
5434
19581
16729
11654
4938
11833
19930
10669
2486
16991
22278
18274
2900
2897
2886
14182
10071
10505
16151
8210
5371
1744
4406
2886
2855
2277
19756
6203
11593
4203
8929
2792
9286
5972
6337
5044
7572
1587
11391
14900
9288
12038
22330
16606
9985
2832
1468
15800
13906
2169
1457
5995
9766
8972
6905
1910
6023
9168
12451
9771
6825
9376
4007
3903
8318
18061
18525
6544
2185
9643
9141
7361
9225
1366
1393
1371
1402
1402
1405
1367
13351
8633
4737
15728
2293
14913
14586
3310
6843
19192
3895
13002
3896
7756
1285
12329
11267
12189
2557
2832
14847
13255
5333
4451
19255
6380
17619
1921
2580
19867
7719
8239
9077
16419
11218
9138
13447
11992
8910
5104
1976
1947
2131
6558
6306
2303
15538
12048
1971
5885
1058
9975
6787
1396
5678
8212
2414
4225
2449
2443
2457
2433
3323
2750
10710
2950
21533
11053
4457
8260
6440
6860
19318
1222
2152
8345
9993
5346
10147
2899
3230
3213
3191
2992
9377
1030
3077
5756
8186
19822
11676
2998
2006
3705
4441
5349
2529
10537
14268
9581
22294
3252
3524
16731
15289
22301
6898
3983
1408
5737
9341
5899
2999
6112
1833
4713
1782
16643
15075
2256
12436
21067
9901
8361
15506
5124
1422
4712
19362
7823
2347
5008
13900
9951
10671
18893
8866
12083
7304
12155
4762
9983
12453
9306
15990
15097
4719
7201
16491
15039
3262
11450
9780
14570
10469
7602
3527
25493
10275
5359
6092
2274
9747
4794
4776
5114
6552
15724
19400
2303
1944
1958
1982
10228
9548
10006
6096
6809
1131
5292
5993
1944
5807
11544
15806
9173
5137
19117
19175
7427
21239
1320
14984
3240
16340
8877
7288
3810
14513
2144
5442
6549
21067
1609
8936
1407
3034
3247
5993
13321
2692
9118
11374
3862
3119
3315
4290
16175
12520
3723
3719
3703
13068
10326
4075
10938
4731
2607
3842
6320
14526
1221
2351
11818
2026
9617
2385
13688
18185
19472
9820
1753
2188
2210
13135
6241
7415
6115
4519
2132
3137
11211
2665
12978
19032
12728
5944
5154
17988
1940
2240
7897
10336
2275
6432
6753
5415
17664
1836
5063
9194
16546
6699
1339
17760
11346
17506
2459
9351
3817
11013
5241
1719
10118
4158
11770
2527
16647
2959
20465
5402
16340
14300
21349
12235
3462
4543
3568
1540
2549
2312
3154
4214
21088
2224
19572
6662
3955
20603
8567
6242
19814
12679
6753
10200
8409
3064
5958
14416
13303
4288
1090
27130
14616
5570
6549
3419
5079
5587
6641
3133
8922
3617
8596
16710
3785
3250
11325
23653
3113
11594
15074
6870
20090
1431
1770
13810
5129
18272
11422
15992
10611
4780
10031
1909
7594
2664
2585
2688
19352
8486
2351
2615
2598
2622
11904
2947
7202
11802
7712
9525
8078
14114
22052
13406
7114
1614
1588
1595
15567
3404
4909
1360
9455
1609
10899
10839
1094
10521
5917
10744
7530
25470
7452
2145
9927
3099
19183
9464
8241
10809
10429
7797
13429
3955
2758
2765
2762
11449
8031
7979
13593
4413
27828
14459
4444
16664
9579
2986
11936
6422
1394
5303
9202
6804
14243
2027
1079
22387
10632
9690
12526
15432
6640
2836
7137
20162
1869
26517
4270
5511
2013
3180
9628
7647
12073
10954
5369
6655
5796
12194
1858
1890
5312
11021
15172
23803
4272
17392
2043
14040
10315
15181
10329
9768
9285
1730
7222
16018
10150
1197
21305
11389
10570
6918
12127
12108
4241
6446
1164
18411
10364
19097
21270
14914
3793
2210
3612
15140
4109
12415
7314
10853
10684
4125
11611
1561
3128
15782
2767
18924
16032
19104
5525
2426
2416
2170
15233
9950
6537
6889
15634
3007
3194
1007
8054
1251
22215
1467
2335
17229
2793
14805
10888
9655
13842
2707
9886
8250
7243
2271
2298
2294
6324
19492
4460
2822
15092
11686
10070
9629
6505
16311
16522
9525
9392
9182
1439
3250
13082
2710
12931
18092
2623
7347
3664
24817
8018
11388
2045
2029
2045
3600
9118
3107
7820
1297
1264
1284
1285
9370
2389
7579
17387
12301
12207
1201
4470
10778
1411
4038
10616
4715
15099
4070
2978
1187
1443
11529
4313
8835
19333
3875
13625
1591
3590
7181
8853
19496
12986
3578
17757
3967
19222
19209
1243
13368
4829
2806
2685
4878
2060
2504
1177
15321
4835
3894
12745
13904
19257
1788
15837
2184
2407
16851
11808
13698
9042
1146
2668
8499
7431
15964
12824
16790
7273
1662
2671
26209
3282
3594
3363
1489
5917
10937
16510
17207
10926
17649
11771
21012
2461
10420
11134
12040
12712
16208
4803
1412
8235
6810
21102
16966
7979
1414
4306
17402
6486
11437
4387
2215
14755
4482
11074
21842
19943
7707
20673
3708
2350
2351
5263
9843
11076
6407
13828
2888
12007
3366
20139
6472
3569
4427
18680
2161
3233
3237
2025
20536
10792
16210
1427
2522
22198
22365
11738
11785
1492
1398
1519
1497
1442
1501
2622
9695
9240
10514
2390
24745
6835
13078
7225
16377
12805
13474
4009
3579
5677
10616
6796
22172
15493
12081
2255
6936
14896
6683
1754
35948
1076
4257
3381
3486
2437
8616
1416
8344
11462
3002
2888
3004
1845
4731
2046
15400
7576
6485
7241
3719
4258
10001
1575
18970
3318
2140
1922
15213
19005
22429
17161
10243
6653
9999
14224
9602
6625
3977
10657
2413
12038
6087
12827
6912
10680
2939
7719
18673
3832
13233
9805
2712
7982
3978
13923
2372
20139
29577
14925
12886
4473
6328
1800
17982
14299
12232
8914
4659
4017
8717
6241
3378
6481
4022
12662
12157
20862
1777
17371
7013
8630
2869
5015
4462
4866
1995
1801
12058
5666
12378
15603
3699
10585
3882
10288
7671
5658
9689
14503
15276
7615
13797
1269
12046
5623
5341
5418
14986
2756
4989
5025
7008
14065
2830
16020
3189
7693
9556
11780
6541
3713
3729
5968
6095
7547
7791
18478
15639
12765
6654
10746
15526
10828
18682
11997
2523
4959
4949
5378
7007
2697
1709
1712
1714
1718
1701
27046
9531
16529
8296
8408
4368
23164
2710
3349
8586
5401
1153
1867
1363
15350
15591
2429
2414
1166
1134
16840
4099
1076
6953
4808
17300
13498
11595
2687
2565
2539
2325
2301
2461
2462
2450
4620
9354
3566
15217
23556
7441
5549
8014
15263
3366
6265
1322
6283
2228
12660
6397
12270
21370
8981
19542
2757
5535
21882
6776
11023
2431
2451
2466
1473
21807
2509
21122
7584
7050
1778
8603
8872
4216
8509
18969
14027
4769
16653
16352
12661
17121
8119
2319
10588
4409
3719
2511
9795
4440
4364
10070
9611
7884
25555
12837
23241
5016
19562
5593
1105
2128
2962
6111
15963
7226
5923
11302
8159
10162
10772
4917
12170
20142
2418
2060
13646
3279
22734
3465
9185
7906
2192
18315
19306
3533
4741
20667
8385
8657
2338
25628
1224
5937
3724
5075
11650
20868
11239
9482
20164
1441
3985
2863
20861
5140
19600
6746
3376
14520
17636
21823
2078
10749
10513
12284
4654
4833
1073
3580
14133
2614
15790
3563
1796
1420
22407
15037
1778
10671
7742
10111
6727
3269
10195
6443
6684
1358
1958
16669
10490
6676
6226
16651
1582
3208
16260
15609
8992
14258
2692
26634
25891
23835
6602
20942
4045
1946
2013
14974
1017
17825
2457
27966
6243
1567
6758
23305
20994
2069
6284
1345
5727
10518
4823
20490
4211
3951
7172
25409
6014
11310
4963
9123
1136
5761
8934
17325
5499
2918
11297
10728
4269
8376
2232
3619
7313
21357
9490
3136
27475
12343
4372
11433
7062
4113
3678
3358
20682
2452
1372
2700
6996
10325
15861
17319
17529
7474
7818
2049
14693
2676
1773
1824
1786
2777
5951
7650
11756
17878
18751
17213
2606
13074
1394
20026
15337
9224
8306
6028
2908
3922
15699
13704
11031
6743
7426
5331
14381
16824
4562
13561
4053
18865
2277
1361
1372
1380
1382
1349
1360
1339
30695
2792
12225
13527
14080
5583
10936
1475
2991
2987
4123
11073
7862
18329
6662
19349
5602
4860
4464
21592
13500
4909
6385
7837
12499
8870
2695
3443
7313
1075
20936
13306
17226
2017
8517
15903
6541
5021
8090
12302
20101
4767
6545
7858
7852
5215
1420
4144
4682
12396
6126
17908
5109
3789
14501
14813
5009
2326
3597
16875
18789
1657
1632
1562
1526
32544
6935
19096
6686
12222
20513
2311
4737
3958
20398
9098
3717
17187
8158
6152
17012
7885
1446
15299
2723
2102
3917
7942
2590
12254
1738
12665
13819
8286
20252
20650
16116
2316
9694
20186
9207
14659
1728
1697
3054
8600
4808
15037
9315
17360
10662
3876
21408
13460
15146
6084
10335
4891
3336
3305
16786
5161
1752
1898
1447
2962
18935
17137
11774
13753
1091
5997
15114
3122
1907
4135
14281
5948
18941
8781
13311
10126
10638
7929
3838
3035
9515
3058
4696
12966
22866
23145
12312
16745
18472
2562
1087
8316
10581
3318
4111
15022
1194
4069
3491
4860
7289
6201
12628
6056
6298
4869
3375
8961
6892
8964
12198
3284
4590
4145
4881
6350
20078
13920
11868
7134
17729
5699
11532
3590
3219
4421
7078
1847
1793
11647
14714
16720
5263
10333
8960
8931
8300
2794
18012
5934
18611
3130
1776
2361
15113
2219
10139
6241
13029
1849
5846
4456
22902
3673
12225
11042
3207
1166
14890
10391
8408
9964
3383
21618
11437
2583
7229
2457
2393
6827
10455
2902
6953
2966
1776
1736
1767
1748
3501
7658
17577
6121
3845
7013
5900
2621
16036
4726
1078
3812
9623
1792
2463
11537
4534
5797
12812
12409
8540
11975
1841
2109
3900
18842
11403
3283
7155
6874
7650
2846
4988
7507
13207
20893
7887
2554
19044
7932
6700
5189
3948
6168
1069
1053
1052
1069
1050
6289
1215
1268
1274
12961
12424
19893
3377
6298
9108
1433
18406
8037
9670
3512
6696
3091
16570
5162
4928
18697
1703
7615
4352
5430
11752
12930
2618
2786
2997
2979
11463
8391
11877
16296
2658
12257
5267
14318
15729
7755
2154
4818
7555
6220
4118
3350
19541
5344
2664
9108
5490
13931
2968
3005
2965
2722
6843
6543
9357
2191
2188
2097
10016
1399
1594
1575
11241
9982
11695
13469
9367
5483
19402
7219
7290
17561
3519
25125
5490
2090
4436
13714
4100
15999
12506
10369
8766
4377
8576
3866
13476
10890
3140
3136
7213
9853
7888
6014
21766
6457
7698
7011
19241
13085
2018
2024
2022
2023
1425
15624
13733
6582
1179
3614
9509
4887
9964
8280
7912
12535
1108
19404
3661
13905
3447
3819
2481
2352
2262
1058
9368
13557
10160
10706
1294
8209
11461
17738
5853
18537
1975
1976
1976
2374
14913
14136
17179
1431
10196
4938
1259
1175
3389
10074
3908
3944
6862
9302
13050
2011
5677
6429
9105
17896
6710
6500
8369
4258
10091
11794
4491
9387
5526
13895
4439
9139
4830
11844
21186
9788
34788
10009
11609
5424
1875
19789
19073
7668
9939
6870
2450
4977
1352
6822
6350
11762
1006
5520
9386
3543
9917
3267
18026
7548
5423
8491
1832
2824
1306
14975
8911
1643
3042
7704
3524
16276
15858
16139
17574
2109
2138
1541
1677
2716
2133
2161
2102
2144
2160
5495
2421
14919
2361
6242
7223
2448
13903
7139
3347
6324
13054
3144
2302
22133
8925
4093
5513
8135
5887
3443
3426
6230
8281
7162
2285
1445
6962
1951
7762
27249
2812
1205
15058
4821
3539
4797
7165
2647
25590
3285
4672
19475
2452
14702
14027
14009
17661
6880
14816
4061
14029
16499
21650
10781
7132
13217
8765
6378
14010
18337
2566
6862
10479
9751
10337
1053
2487
1359
8416
13511
1542
21251
4415
4113
18500
6663
5104
2970
15273
5802
6044
3565
14565
20599
1573
3423
11942
5660
2609
6189
2217
6842
18682
8615
14475
14365
3148
17005
13373
16798
9788
6198
17753
7603
11664
1991
2794
14108
6249
10133
10946
1140
7166
12780
18666
20198
17413
15166
7651
3293
8289
6134
11535
14903
10402
2006
14247
22096
7306
7377
7853
8894
2925
3249
19282
1117
5015
4470
17137
2624
7116
2553
3638
6704
23496
14945
3958
2697
2686
2231
2196
2299
10504
9498
20342
2871
11195
5693
2173
2157
2164
12789
9533
15457
13335
1551
1223
22582
2631
2609
4093
28674
22266
1199
1809
10033
2217
2260
2245
1578
5639
20889
2933
18428
11349
8298
9503
3937
26871
1223
3781
18520
2294
2277
2303
13913
16392
13128
2677
3730
17182
17199
10932
14325
7785
4550
4776
17599
1271
18151
1698
9619
5571
12186
2181
2159
1848
6410
7251
5632
8978
5732
19650
6306
17815
8235
20603
2746
2703
2779
2731
14046
8192
6722
5896
1269
11519
1056
7477
12662
11408
1653
14315
3759
7560
4425
11818
2099
3675
3024
16548
2669
2738
2712
2737
14620
7034
4977
2340
2389
7610
2235
2250
3561
1811
3606
5685
8336
17969
12865
5123
11687
17824
20217
18567
8173
9193
13899
14059
2460
15942
9578
17328
3878
13908
4044
1274
5108
3411
21058
7180
19717
4650
19030
5183
2725
17095
13025
1210
1236
1236
14410
25288
2955
23626
8221
21296
2866
7841
18872
24901
9321
10861
6814
9775
4535
11895
4986
4486
7100
10267
1390
1446
10814
8130
1414
5261
8928
2757
2134
4301
8477
14541
10691
2050
17901
17122
15676
15277
13984
4525
11360
4100
6805
24901
4875
14016
2361
3487
10298
2597
1443
4614
11884
8958
19117
6874
13053
12363
20319
7547
2666
17109
2699
14867
2071
2056
9282
6156
5431
15648
5598
14525
15599
7227
4415
6561
5715
16350
5092
16911
19536
13363
11698
17156
14415
17625
4314
2005
1015
9126
16402
6989
18108
15879
1202
13692
8120
7213
1697
12171
6307
1240
1185
1233
1230
1426
5799
19515
10853
7109
21235
1145
1146
1140
16914
1447
3168
7552
6206
4201
2896
2759
10454
5043
4362
2366
11996
2234
5916
19570
13260
1021
8006
5852
6833
12153
13223
13427
4126
1670
1700
1669
1667
2524
11125
11032
1110
3770
19355
1000
9756
7609
3424
5079
10257
12524
4635
9814
18170
9850
3191
8237
8526
16731
14073
4104
2795
3449
4831
15934
23923
2933
5942
3045
7784
2561
2044
1637
7431
2994
1647
8869
11800
20300
10977
9763
7709
2829
13409
3877
10888
3724
22639
5534
11428
17264
10438
6886
10375
18175
6185
4109
8898
1669
2128
19489
17065
2999
10530
14986
11082
7105
10677
23735
1828
1847
1860
1853
8576
7168
14805
13380
6410
15069
3863
7796
4623
16557
12419
2596
12980
15672
18649
4535
3633
13766
4294
2246
6579
24620
7962
2058
6396
1673
3038
1134
17021
19087
15110
4544
21051
10648
27066
6495
7777
14508
15343
4824
4863
6266
3301
6841
3345
5329
17480
15491
4974
7346
1236
4369
5357
6103
5846
4227
16044
14094
8951
4154
4779
2042
20007
8137
20211
1412
2988
3011
3034
11255
15728
8722
17160
7947
8476
1801
2447
4353
7078
16030
7466
15242
11527
1609
1811
11003
1290
2097
8806
7970
7937
10547
2256
5878
8530
8147
17388
3651
6923
16425
10389
7674
25870
5254
3486
7184
5718
14628
9484
21027
1938
19163
9800
1328
16116
7853
15368
8511
2378
4899
14488
1822
17418
3546
4683
1281
6505
4283
1271
16070
12942
3434
6406
11263
10225
6837
17621
11690
20756
6089
11076
8674
9740
9935
2725
2410
13562
16411
1319
1339
1371
5347
1560
4530
5005
2214
18665
2773
10498
10838
6705
11601
3025
10139
6292
22690
10920
10289
13916
3898
4677
1177
1328
1293
1984
18190
1429
1462
1464
1436
1447
9497
5688
3384
8205
19019
14523
14248
14369
20817
5466
3333
14118
16267
7004
4980
3659
1194
1082
2263
9903
3925
7424
1851
1888
8952
9917
9063
11950
7508
12565
7353
17525
10903
11710
11677
9642
5768
11061
16517
12762
2708
1587
1586
1549
10331
19656
9901
6049
3464
21127
1131
11787
1210
7836
14255
3802
6405
8348
3406
11506
10466
8189
21273
14137
3825
11549
1552
1320
2168
19323
12925
18842
17199
2853
5703
2826
14141
2843
2841
2836
8708
13286
6828
2352
20663
4363
11116
9599
12511
4119
8935
20146
3436
20248
3672
2382
7573
9958
10973
21937
10785
2737
22145
9101
9571
16007
3214
22542
11384
16436
14615
3391
3064
1235
17752
11991
5804
11886
17569
6968
4682
8700
4038
5581
10503
15997
1596
17571
5784
5858
5882
15066
8664
10367
12978
4783
10311
17654
5730
1889
3757
12394
3408
1702
9096
12863
5296
21274
7550
2654
7522
17170
2156
2812
10687
17149
7830
6000
1785
1477
4980
4672
9313
2866
6800
4239
2224
23246
4757
14994
1427
6262
2379
18522
15374
12353
17093
3531
4855
2873
3986
10567
9952
3048
3649
12328
2324
14519
6048
5700
8328
10168
1592
2237
5863
14030
16468
1188
1225
1266
11311
6314
12238
9032
9048
1438
5475
5718
3460
3765
20689
2908
4210
11733
2571
15392
13568
11283
3227
11293
7374
2672
14282
18505
13731
13970
13345
1504
1042
11662
25738
17930
18833
8518
13907
4097
18484
3179
4579
9463
1001
19871
10687
3151
3159
8987
8759
4779
17626
2409
2461
1604
2135
8143
9059
3621
11166
6603
14948
4643
8691
2638
15770
7742
3592
3382
24072
1339
15426
6508
3698
4908
6644
17558
5000
8584
5035
18794
1799
2429
2387
12104
6678
7376
3959
4942
1026
7551
1981
11495
1437
6896
3145
13763
3249
3055
10491
15169
21359
12728
17894
13977
1424
1382
12501
5645
10256
12509
23806
8537
3692
4434
11194
6744
2807
2775
4712
4742
1318
8403
8334
12664
3022
9450
4972
5284
12931
16473
10125
1642
15551
11833
17931
10437
7496
14904
12096
11486
13636
10805
12639
8243
6090
3763
18906
15808
12894
2439
2014
20998
5764
5926
16251
9158
22943
2358
2380
9635
14783
26911
11072
13332
7371
6626
7772
11962
12437
9577
13143
11254
20148
1245
20615
21667
3135
9011
9538
10081
12624
9973
16299
11876
5711
12899
18007
1624
15234
17866
9430
17302
11128
3142
10520
1806
6823
18683
1851
14558
23837
2199
2697
6356
6592
3584
3434
2267
13467
15903
26088
1183
1185
12346
13692
2246
2926
4848
2295
2297
2323
2282
3343
17211
17239
13004
3474
5638
14049
11281
5176
20352
2171
3260
14282
4949
2501
17858
1234
1239
1190
13727
19222
20903
7151
8103
3340
4094
17613
1934
15401
2921
2152
2682
3775
7627
15523
12200
7725
1304
10290
9133
2500
1529
8709
1738
8290
10218
23124
1665
1662
7522
2936
6525
6765
3107
5907
1549
14418
1035
1830
1595
7785
8384
11472
6181
8531
7239
21500
15619
6576
6287
17102
1663
7958
17521
1654
2492
3266
5238
11670
25267
15942
6874
7539
2783
2736
1092
13996
17792
17801
8869
16307
5456
2015
2001
1075
2312
10340
11514
6595
8033
9482
13135
11958
3667
2354
7100
6734
7054
9605
5765
17502
8710
15671
13077
5022
2183
3445
4112
16096
8705
7169
9438
1662
8414
2769
1627
4972
4089
2218
11958
1465
18871
8984
2666
13035
6978
8299
15454
6826
16883
2172
16311
7910
4406
10356
11774
13194
22133
13762
2992
6115
4673
5479
4932
5341
1585
7389
1043
15205
18805
14422
8218
3292
4215
20213
15422
3060
8635
1135
9559
6219
17883
1414
19893
4697
6566
14987
1193
1001
18934
7155
3384
8258
3952
9677
19661
7742
14279
7325
8519
11762
5864
13423
1480
11081
8581
9003
4412
11143
20156
15568
24941
16434
6038
7091
2155
9583
11204
20185
4804
6381
5780
8816
17649
16339
8285
4879
7926
20202
10195
7721
3858
3388
7183
8702
1718
3824
8445
1976
14205
4819
17459
11207
3139
8688
21907
6713
10807
1985
1648
20752
9682
15171
16815
5244
5452
5197
2090
13868
8489
9705
20279
29260
13579
3282
25504
18057
11579
19817
3214
11834
5030
7748
7450
9877
4532
13463
12731
5350
7201
3849
10385
1895
15467
11295
7083
6700
1179
4735
19700
5685
11574
2567
2304
3418
1370
5269
4802
13171
22298
10949
14647
2236
3688
3675
15969
22906
6348
4593
5371
7845
17842
8015
3677
13926
1868
9300
3428
2447
7732
6123
1161
7385
1174
22774
19420
6162
1915
11589
15245
10076
11262
3617
4017
8831
12320
5034
2371
8080
17939
6288
19009
9817
1522
1480
2346
2881
1969
1892
1958
10008
3896
8255
6178
3042
5094
2788
6685
10419
15853
15972
5373
12158
14373
8521
7069
6330
11738
11121
3519
2434
2404
2442
2441
2414
2070
1075
3145
4810
4047
11523
8073
20833
6434
1790
11443
1375
1439
2626
20341
1196
10621
13610
3286
2322
12405
2907
13940
17072
15750
2410
12081
3628
6118
1347
1344
1342
1348
1338
1332
1316
8296
17520
15405
7767
5217
3699
16355
9017
10695
2359
4377
20514
10222
16636
2112
17676
5906
14941
17380
11165
8527
2747
15215
9481
8966
5825
5494
6112
10997
4639
11239
18040
10162
8897
13514
21263
6918
10131
15205
9975
11401
6801
18184
2125
5784
1024
23419
10731
16963
3961
9449
15716
3924
16266
17645
6996
6858
5151
1711
1792
6450
6441
13468
1463
13062
1028
16450
11575
2312
2374
22302
2753
8076
22289
13186
5011
9013
7123
1293
1327
1318
1355
1348
2255
12539
4405
7993
6742
1101
5428
5081
7358
1542
3665
6684
10907
2949
22812
14004
6248
4044
19042
12864
13812
21048
2132
3460
15302
9113
1923
8656
2888
2273
17645
6869
9296
36285
1886
6913
9172
2667
2778
2308
7118
8743
1316
9102
11305
20333
24085
31621
17059
2655
26697
4776
10746
2889
14556
17183
14272
10334
13692
2685
9675
6679
13126
8302
1110
1790
11530
5865
9425
16309
12480
10232
2404
2432
2312
2373
10816
17920
4223
2313
3981
1009
6128
8922
1611
19145
20722
12082
14338
3951
7614
22445
9822
6204
3077
5313
1370
1545
11456
2848
4286
4193
4852
2066
14713
17623
1338
15565
1223
3647
4226
11117
8771
3766
7139
6197
6750
19726
3272
14733
5101
1151
10951
6662
13832
11108
17247
9002
2417
4698
3582
5289
13046
7574
16665
19408
4702
7237
10484
1537
4462
19011
4505
2273
19676
4087
10112
3717
5517
6170
12741
2629
2666
2626
2642
2591
7270
23200
10311
1336
2334
13990
1261
3952
14965
5688
9902
5027
7389
5355
17045
3312
10732
9311
17138
15388
1137
26146
2973
8522
2798
2830
2801
2792
2009
15243
11989
1705
5316
2220
7266
7356
3052
2771
9115
5589
4582
7820
12515
9113
10598
6407
10405
4614
6773
2067
10968
6287
5753
7922
2238
4371
16729
10024
3880
4829
10337
8008
7402
1215
5207
3571
17174
19810
5624
15892
4078
2072
17368
13398
1068
5180
11213
3939
12171
6769
3542
27438
8130
3360
21670
3406
3259
9102
12343
7207
3623
2233
7855
4444
20409
7531
2596
23955
6281
7110
10592
5100
4041
16372
17040
5461
10402
24019
10654
1286
2316
12502
4447
3347
18952
17678
9293
14937
3045
3810
14871
14990
3190
12835
19608
14089
20299
3787
3678
1406
5075
15655
1846
13307
15648
7531
2039
14621
24752
9978
3903
7058
7643
2570
13417
20131
11591
7237
8878
16575
8861
7444
4459
8792
4825
9231
9188
2141
10708
18004
3263
8495
1493
1482
4772
9522
1744
14284
7254
19740
5353
12155
14058
19538
2401
1864
1854
1841
23165
6558
5464
16462
27926
21687
4965
1117
11726
2006
12801
9267
5665
9303
2527
3262
15894
12997
1000
6999
4132
7703
22435
1755
16301
14820
20034
20440
2003
4650
1977
9726
6824
22077
19011
6845
4550
11926
3492
1417
14163
5354
14780
7818
18076
9703
5362
4503
11852
8143
18123
3073
2313
1416
11639
1936
10476
3321
7612
14849
6372
3079
2664
12176
16363
7025
1641
19051
3133
3137
3125
4305
4091
18305
2070
17962
17599
15195
5486
5455
1049
4389
12899
8785
1676
1625
7808
14442
10027
11730
8509
1811
6718
10819
8416
10940
5281
5825
1302
11060
18918
18100
5065
9484
15778
16634
5246
2588
2129
12099
3650
19143
3962
4889
12767
1594
17269
5151
5347
16014
2567
2584
7587
1893
2532
3398
3044
4728
2482
2456
1591
4641
4971
22515
9761
2453
1214
3935
7469
13854
8233
13620
6867
4231
17910
16601
6382
4095
4228
11508
7375
11063
10425
5738
1244
15549
9132
4432
2847
18222
12612
2577
2946
11606
3876
17914
4844
14263
3476
12482
5119
5798
13920
7514
18900
13140
1215
5155
7025
12219
16484
2402
4775
17284
8782
5470
1144
7939
4551
5920
5433
16133
17004
11148
13763
4093
2190
16123
3289
2774
11256
5954
8250
8755
1048
2385
2412
2405
1885
1526
6957
7898
2625
4489
3063
19465
1457
10729
7168
7934
10657
21556
5707
8080
8945
23656
11178
2217
5994
1597
4493
20998
3693
2189
2214
15446
1325
1376
28097
17694
13587
11123
8160
1920
3301
1724
1431
22010
22275
23791
18595
8471
4744
4442
10806
1463
14377
9599
19035
2875
4665
16377
7910
9527
2270
3182
11692
4619
9963
15502
1425
2509
18013
8084
10993
2081
15618
9570
11700
12370
5288
18616
5130
4019
14894
12557
8201
13425
7467
19061
1165
3812
6089
2284
2241
2263
5425
7322
1675
3180
10782
2610
2654
5540
4695
4754
23600
9423
9796
19350
14075
14343
2165
2153
2123
4594
2694
4824
6083
19258
10332
7619
3203
2646
22592
5265
9041
12395
10450
19571
15850
6799
2787
9992
8855
4538
3631
17658
6341
9761
18508
7967
23447
1066
5284
11074
9082
2938
5901
3458
2141
2150
1627
4915
2784
1402
1664
2011
2116
19272
7513
17218
11429
11528
8389
14454
10582
2124
17877
6279
14275
3859
8468
14145
1137
3516
2271
10476
8774
10034
14471
18890
15809
2286
2509
8320
6694
18108
7695
4128
23270
5313
24010
1729
9721
9094
7931
20598
5354
3425
10997
11892
4596
1025
7956
19956
3093
13230
8801
3676
3691
2415
15465
15157
4719
13639
3801
10439
12372
2763
11502
9250
3168
6824
18145
6699
7645
6874
24795
15439
3492
17347
9232
9246
10891
3191
20532
2512
8612
11465
10564
19365
4167
19390
18942
10783
16103
3173
25565
9815
17658
12463
2714
1519
1530
23066
2698
12733
14436
8644
12952
7880
5072
5657
19944
2493
9974
7865
23617
1171
10976
6535
18703
13618
7131
23875
2038
7938
8626
10528
7663
7984
4094
18295
8458
1681
1686
5053
1022
1109
1115
1136
1116
1101
1096
12240
1307
2624
4593
8938
2366
2356
2365
2358
11329
6885
11095
18575
16699
1785
2743
4326
12485
13720
15103
19802
3414
3412
3418
9179
9903
3375
5871
1224
10196
1321
2055
2116
2083
6857
11913
4781
14888
15053
12897
2161
2161
2158
2493
2479
2290
6299
13697
1908
13750
21170
7463
18049
1698
7879
1243
3581
10120
2967
1785
26094
3917
1972
3232
8950
2183
2138
2190
10591
10345
12276
11111
11351
7369
4220
1966
2129
2644
8190
13585
2372
8539
26283
6199
7727
6729
7496
12475
5735
3460
8240
13151
17721
7626
2516
16060
3761
2688
13364
9803
1488
1482
8801
24334
3496
5039
5008
1277
3284
2674
2650
16818
2989
7914
5895
6334
5619
4138
10311
2551
24113
9776
22261
5265
14306
8717
6675
3052
5910
3324
5009
1548
4480
1839
15361
1861
9672
5325
2356
19796
15051
5578
11654
9567
2796
19527
9785
6543
1446
2087
4006
5902
24427
10617
14800
3735
1892
6956
1502
10114
6664
4200
7751
8672
4957
4654
5308
7294
4060
3859
8149
10103
4007
3984
4080
4009
3483
2686
17864
5978
3984
4600
6819
10491
1468
5719
1697
7766
3973
4026
13272
9514
12090
9447
14140
13342
2070
11084
8995
4883
14386
4192
10012
1754
14908
2979
18033
12487
18352
8690
17564
10105
5018
8097
12049
13627
4957
8730
2553
4391
1454
1504
1418
1441
16829
12210
13907
7082
2456
2993
1936
10158
10046
1720
8638
13675
9501
6968
7853
8381
2442
4150
2562
3556
4070
13509
18071
23776
6346
10295
4966
17090
25192
6856
2381
2820
7579
4515
7642
21112
1485
1446
14243
8779
3446
2742
22857
1376
10048
5604
4619
10214
21069
2072
17899
17040
17171
10697
4874
1680
4792
1334
2356
2363
2392
2367
15023
10698
2795
18942
10188
1410
3036
4156
3078
13570
1272
19190
18188
17337
18436
8079
4468
6866
5008
20305
2333
2348
10626
11816
3198
4782
10540
5868
3612
8491
12428
7462
6334
2998
9797
12767
7982
3047
13074
2443
5731
9464
2218
8047
11620
1185
11154
5122
14310
13268
12629
10796
1274
4746
8924
17839
24566
8700
3712
21592
3760
25410
11833
19147
17721
2629
2982
17765
7108
1508
5558
12825
3344
11707
24939
14684
26378
1382
18106
4023
5134
20213
12076
10107
5831
8434
1934
9755
13862
10948
5934
4317
4292
3924
21694
2999
7045
10135
12977
6107
7934
19773
4902
11525
14411
3359
6231
5278
11716
7368
14711
2094
2097
2089
2097
2108
5185
3969
8397
15581
3556
15270
1907
8316
2096
23151
23983
2719
5811
1085
1782
1792
1783
1382
3358
9703
11399
1596
16999
10735
10084
14473
17343
7680
3262
2879
2422
6566
7461
7643
7832
19124
3665
2232
1793
4273
7913
1336
13877
9381
3420
21182
11086
6208
7647
1372
11724
18700
12578
14748
2159
2420
2143
10784
15305
12253
13291
21775
1298
18978
17642
12434
20492
2222
2208
6676
6789
6373
18005
7299
4048
8047
8116
8333
10261
3951
4439
4086
20996
10403
8258
22184
4560
14460
5795
13101
1398
1401
1371
19642
7399
8649
6552
3004
5264
8507
12995
2231
4227
6017
10677
5593
14134
8853
1378
1331
2705
15474
18338
17259
18566
13964
18576
7794
6850
23613
7135
18275
2756
3233
4958
4331
4121
14956
2083
19411
1304
17079
3631
6507
34140
6307
5617
3739
15020
6895
12526
18513
2974
3294
4920
14870
15468
8797
4586
14915
3200
10423
21309
4448
1229
3294
21363
13274
4054
3540
13532
6681
7246
2343
15042
8553
7779
9250
8477
3203
13420
10834
10279
6620
5028
26151
14321
4948
4991
6355
5600
13025
13822
19406
4742
4730
9965
8429
5584
14582
2835
2858
10990
5905
17384
1921
6717
2846
6935
6264
3474
9344
6526
3919
17203
12571
2337
14359
11491
12657
8078
9153
2504
12140
7268
11764
5335
6890
6823
6288
2009
3893
1775
7795
4430
8911
1335
9541
2107
13241
4103
5108
5374
3760
9582
2956
9050
14342
6071
5410
7350
11748
11112
16612
2204
6370
1952
5604
3310
6346
6039
20274
13040
10734
11151
2857
6786
9328
4000
18628
11656
5770
1154
12636
15234
14048
14203
1622
1655
6028
1101
3054
10914
6690
3912
16439
3319
25795
20744
4735
6072
17235
5272
1459
20383
5598
8108
5582
3462
2668
8855
5826
25176
2286
5321
21632
2483
2494
2505
7099
2292
27081
5394
6886
11765
4893
1218
1205
1219
1212
1201
1217
11167
2293
2645
2835
2922
2840
2827
15154
13717
16237
2718
8489
1078
3683
10776
6529
18013
4840
2231
2266
2276
2287
2253
17747
15241
19846
3615
2736
3933
8017
5663
33669
17509
9098
2881
19575
7691
17117
2298
20586
16743
18210
8289
8288
13505
16709
9630
6105
12173
6039
10202
8523
22171
1585
7992
1239
14615
12054
13576
5439
22294
18370
1051
32542
8323
4211
15313
14963
11106
25464
8631
3242
5335
20024
1989
8977
4195
6169
1154
3991
1479
19499
2994
23112
19835
13318
1267
1245
1245
3024
5577
13665
9336
15755
10215
7663
7190
10322
8916
3875
9670
2020
6682
6252
10382
4895
12525
3442
4520
10893
2259
2327
2290
2311
13330
10669
13773
8471
4342
12258
10067
1753
2256
15078
1005
9817
10672
13623
11014
6498
15374
7220
9637
11487
9546
1834
7910
6127
7131
2661
13678
5890
7605
17087
6333
9644
2645
21119
4715
17897
14194
14417
7567
10069
23989
9273
9059
10767
20765
4522
3515
18786
8131
19365
8820
30220
11828
13578
3019
16692
1617
1593
3611
8944
3657
3376
3745
3839
5986
3916
5238
6896
13477
6704
23550
24371
1013
8663
1257
4755
16916
5266
20572
11426
2362
11317
10180
2552
1610
4918
4419
4425
6610
3143
18369
2644
13143
2275
3766
4635
15942
2979
6410
21537
7854
7764
18656
2260
9335
17612
10212
30571
10500
26775
3875
13359
7910
18413
4376
2834
17630
11352
7051
15878
25797
3069
28950
3664
15683
1446
6422
1002
4658
2855
9647
4400
9921
15030
25778
12344
2320
8476
17213
17081
17522
1842
19537
8211
4030
3220
4970
8163
6972
1153
1365
7613
9286
1065
15398
26573
3925
10751
1065
23475
5246
7120
2970
8022
6181
3817
9947
15137
15419
10526
1462
3022
16593
9946
12713
1753
19769
11040
4115
7464
19019
15078
3290
15165
15254
17933
4934
2716
2713
9915
2139
5770
5159
3601
13972
1857
18148
16586
20741
5727
17754
10973
8580
3317
3481
8590
3869
7040
20811
22000
7703
3108
10288
5755
13664
8977
19763
15144
10696
8493
5535
11145
8377
1736
13449
11078
21120
7423
9102
14253
2015
11322
8606
18266
14910
22307
9703
8244
6291
2485
2552
3791
21324
9705
13389
6796
8968
3188
9453
2959
12337
2315
2796
17706
10687
12868
5141
1278
6798
4510
1897
1928
1918
1889
9442
1382
11578
18670
30426
17736
17156
17104
2520
17165
6985
1705
10716
1564
13759
5609
9253
13149
15551
5175
7683
4277
13036
8716
4534
8738
11436
4913
4424
23760
20269
4831
17146
7363
8996
16469
2323
2489
29394
3163
13436
8357
2423
11091
10320
16173
21600
3363
5257
13448
14718
9817
13692
12460
10186
2544
2604
2593
18985
25737
17432
19708
8580
4247
13334
11885
10303
6433
9855
7196
20493
7415
7328
16390
1504
8099
5748
22518
2790
24536
8817
10857
5549
7364
9943
9941
12429
10689
17556
6538
5005
1241
6131
2270
11939
19451
15216
22641
8842
19618
6430
7939
4035
3230
12150
9979
8024
6390
14572
9103
15938
8750
18988
5184
3015
19294
11468
1449
6722
8617
9107
4132
1104
24654
5909
2909
10591
17567
6320
3397
7023
16215
7824
9880
1063
1050
18508
5979
5899
21777
10214
17560
21862
11502
19813
14035
13087
10260
18568
19372
5116
12942
9164
4466
5671
5151
21409
6677
2825
8360
21418
