5987
1524
14598
26838
13211
5317
22377
5062
13275
9688
20177
14090
2604
2603
2612
2694
2627
13744
2007
2007
4042
3291
12783
6289
20714
20930
19462
3283
10810
14547
7091
2812
7354
24520
4909
4433
4954
17960
18505
2245
2661
1776
19414
2030
18342
7442
2589
1883
3587
4375
13527
2807
7771
1722
13086
7470
13466
10853
8964
16018
7895
21829
2504
6586
4729
19095
1415
1289
1408
1414
1436
1447
1419
30222
10136
3853
11998
4307
9171
12159
17667
1530
3891
13360
9124
18697
19328
5073
3755
10738
9982
11081
1922
1888
1912
1898
12346
2842
6171
18114
6855
20056
5600
1564
2623
12476
3486
5562
16357
2864
2872
16249
10187
8411
3518
2450
4328
8117
10471
14790
5391
18925
8189
14534
14715
31284
19359
9262
12948
16398
21166
8713
3302
3653
15139
1370
2735
3049
4404
7498
3366
1405
14676
1697
17162
22074
3093
7678
9370
2086
5197
16390
3133
22657
5856
2059
16565
27459
4903
7432
13929
3033
964
2941
8564
14648
7363
3218
12830
11679
1737
9757
1386
15179
10772
10143
15289
3084
4431
4765
0
9258
1780
3489
2562
9609
18716
18718
1934
19255
2026
7746
3764
2278
2529
3846
5303
4545
11326
19502
1813
0
14111
2688
7884
6322
7111
1498
12842
3418
20875
20957
8286
10984
19437
10387
7626
9327
1208
6056
8181
6108
3498
2397
11149
6628
20392
9821
3509
20378
12275
23275
7411
9323
1978
14126
12492
1595
9767
13788
14241
0
9659
6025
6254
4640
5797
7637
8771
2634
1964
1958
8651
15534
16635
1733
26940
13445
7727
15025
1860
3366
6324
20436
3137
1755
1752
16972
1695
2639
8678
10960
5150
25793
2059
3121
3846
3602
11395
11572
3330
8615
3778
9155
23092
7614
1241
29072
17560
3239
10461
22970
1114
1815
1799
4171
18505
2836
4135
20650
22697
7391
3590
3558
4772
0
22091
3082
3076
18778
19382
2150
8143
7950
20543
1351
6245
4979
6440
4708
4693
3797
7106
2392
2370
3197
2253
5392
5251
5222
5204
10131
12330
10039
1693
2198
8987
12940
8892
15994
2794
2798
11991
8735
10374
6713
4889
7695
11879
11414
19718
5077
3227
4134
3887
3769
7677
3893
4876
12724
4824
12672
7173
2235
3736
10753
9738
3423
2531
3645
1161
1417
0
1054
8876
4815
22024
10820
10413
21248
2438
1293
6074
9128
15094
6131
1115
6678
27718
2110
3580
4042
4954
16592
1552
24054
1074
4848
2215
2247
2213
1679
2011
13937
6334
16787
2704
4001
4387
3654
3947
3918
5026
17353
5484
13222
30297
2377
9719
2632
1620
2314
15872
5210
5865
13753
7962
6712
8934
39634
2166
18683
3398
3410
5970
1950
24253
6185
4920
6064
21270
1142
26047
27066
15165
13647
2896
34933
3667
3673
1079
1733
8006
3392
2731
2631
2627
2598
2608
2610
6405
15816
8071
2798
9228
15076
1041
10060
11491
2289
5144
20262
22918
2581
10906
7715
4676
7981
3515
13302
14134
12808
5763
4927
12366
3735
11152
4705
7827
14996
11607
4035
18035
12593
24506
1204
2980
14913
11773
2801
3214
1117
0
1664
1679
1661
1675
2797
2569
15815
17565
18598
6727
6719
2342
14186
1908
16974
26235
15863
14942
9642
6797
9576
11864
1278
6701
8583
8059
1955
1911
6538
6211
6200
2718
5071
8863
12588
2417
3576
1789
2095
19464
19530
8083
19198
2036
15787
11369
23149
14911
2032
6422
1907
6355
0
2358
3722
10526
19338
5032
8531
3090
2240
4554
4361
6607
7370
1031
4542
6591
13080
7459
4016
13642
0
3567
1293
2049
2029
2037
10215
2064
4808
4796
3020
10203
3935
6756
14291
7470
2023
3024
2843
12294
16413
10795
15899
19262
3635
3305
7385
7329
3664
1302
1498
5194
11067
1587
7371
13078
12276
22048
17944
4747
17267
6312
12295
18895
19581
12979
2933
3152
3178
2103
7424
11623
3832
10978
21282
3753
24526
3609
19764
3163
15048
4157
1949
5174
4296
2173
11233
16335
7890
2697
12413
9887
5865
7135
7134
17065
5053
17493
14663
1055
8541
11082
12340
1712
1417
5991
5483
5567
13211
11867
2630
14838
6983
1046
7412
14474
6275
1281
9176
4910
7464
21858
2570
9148
4789
17917
15778
14101
8689
1493
1488
934
10671
4732
4741
2661
11309
6517
6442
1331
18538
20602
3463
20627
16355
4679
3785
17638
8030
24442
1534
6973
17583
2622
5711
3237
1324
2994
1578
3734
18174
3194
3159
7808
2323
5735
4914
5633
4031
1553
14350
3600
12497
12200
7324
22700
8827
1385
3614
7949
2251
14939
2692
3158
3298
4400
3412
6012
1663
1644
1706
11715
10789
4740
24204
2714
4415
1527
12704
18010
19429
13770
25055
1059
8839
9260
1040
3454
6557
18081
3661
4139
10581
5705
19427
13811
22084
17425
23563
15182
2641
11498
2106
2399
2386
10894
2314
11707
20403
13009
16029
18745
12161
6130
29596
8767
11740
9742
1407
11268
8509
1055
1764
7216
15693
3460
19340
25086
3747
3689
3712
3269
12372
7106
1723
10138
20157
12851
9205
33656
6730
2956
17341
18513
3195
4581
9068
20408
15659
8490
11495
2247
10555
3558
3058
11405
6568
12031
5067
24691
10273
1329
1312
1311
1326
1316
1296
1297
1312
1335
3085
8523
1282
1560
14510
8286
1938
9984
3711
4088
15456
6773
22199
10453
10624
3481
2619
13296
14635
9169
3805
14365
16027
2223
9221
5175
18947
8687
2506
4954
7090
3945
4559
24503
0
9599
1299
1299
11647
5179
18354
10827
5015
12406
6406
17136
19154
5887
17087
8147
4901
14806
5140
2519
4974
8109
2622
1499
11948
16169
16666
2050
9916
19884
15421
10424
2803
17626
1511
13276
2684
14897
7823
19381
2550
19644
2704
3677
3679
3504
3704
1219
1149
1223
1835
1221
1227
1226
1220
1224
1224
1224
7966
6590
24571
24549
21137
22135
12949
11322
10643
7597
2099
16093
11692
7072
11104
24020
5056
2518
10925
6622
3701
11443
11326
3805
9246
2253
12790
2165
20107
25466
10128
10781
5986
15027
12777
1513
1584
2803
19712
15596
23191
6240
7938
2577
20310
3539
13686
1270
8139
13678
21019
3388
3385
3836
7260
14019
1220
10211
5646
4037
16308
3809
4847
4862
5118
14758
9807
3331
2083
15526
6555
7770
5148
4501
4569
2832
3552
2486
12930
1799
2147
3082
3120
2728
0
16288
14997
15626
13230
12928
12145
7173
3515
3284
4186
17702
1880
0
18202
4810
15177
14797
1078
1780
1762
1784
1151
889
1628
1632
1633
6260
1634
3534
40196
4171
4297
9380
15758
7060
6946
2313
12405
12857
20209
10335
7163
15266
13398
8378
6737
12448
5293
7217
2047
2019
16638
11598
5777
1975
8727
21753
11559
5477
8230
6317
10364
19556
10484
1400
5029
7714
3385
2835
16983
13673
3223
5892
8913
2055
2049
2053
2059
9268
14761
2726
2749
20150
23503
3794
2611
9553
5084
3556
4993
2106
8459
3776
11318
18557
21097
5215
20192
2179
9364
1841
1827
1827
1838
13195
2709
12992
6450
7110
16525
1864
15879
8252
3531
7392
1674
3546
5293
2692
3475
2563
2089
10426
3664
5831
7323
1342
1602
25126
10282
3095
3073
16862
3606
17150
11558
19636
1150
7933
2504
2263
11486
8405
12955
1405
9146
2490
4479
8783
8605
19943
16455
19262
12437
4714
4535
2475
8772
1308
7397
3085
17450
13908
9384
4114
8817
30644
3441
4123
7002
11059
18552
13134
16713
2343
13305
7944
7068
1374
12938
1098
19176
7180
4008
7812
22469
4300
1395
9349
8491
8587
9933
10732
22519
3453
2593
4293
11496
4723
12568
1691
4732
4599
4572
5302
7113
20296
13921
1791
8443
1669
1699
1535
7295
7157
24403
8839
10540
22261
13002
20607
1382
6258
6911
21051
15575
8757
15044
9004
2957
2964
1991
2558
4457
6882
16225
1574
6122
5179
7480
16580
16770
6300
4263
10487
2648
14383
19602
4637
9064
4320
10045
4108
15436
17531
946
8648
12779
2993
4701
7292
5065
15688
5714
8166
8463
31497
3873
16865
9806
15385
7580
7749
13496
3041
1298
1296
1299
1300
1287
1295
13634
7914
2560
2556
3076
23160
0
1013
6107
2565
25633
11904
15980
2024
5314
1372
1727
2013
13570
27699
23957
9016
2500
20123
19793
2810
5077
3338
1609
1920
17510
34942
17007
13706
9449
3549
19289
9988
6627
11891
17218
3955
1676
7721
11403
3995
7948
6779
20582
10944
9739
3154
8746
3428
13994
3448
9013
10969
5329
8597
15542
0
28174
1089
3148
13593
14048
3517
1805
1752
11294
20170
5415
15635
18303
18535
17668
23812
11922
18335
1470
20047
11553
1821
13462
15575
20252
5429
5089
5086
17197
15562
9349
2093
1653
0
9823
1391
8343
7783
7051
3249
12549
6031
15101
6334
17474
8830
11172
5562
13132
6271
9370
4846
1015
0
5017
8019
10764
11463
16892
1515
14500
1558
3682
5587
16769
5116
32342
7267
3625
20173
12913
5251
17555
7501
16658
5065
15432
9913
9113
13071
3767
6183
6280
7364
3273
945
4487
2222
8028
7433
8574
14664
11626
3600
1089
17005
11652
12009
4362
14505
13316
2413
4717
0
1508
1251
12460
6534
4432
11905
8153
0
20846
14132
14646
5239
11741
3664
6501
8349
12689
24187
4980
5992
6493
20058
11546
18996
12420
7875
4993
25859
4602
19086
9466
11910
19063
12276
16403
20302
19222
1352
16392
4782
13916
1027
4650
1813
2286
2253
2240
1146
3711
2002
6905
12940
2323
3842
8014
2017
26506
16811
10200
17659
4517
12799
18624
3950
15121
3509
3387
3384
3378
8300
19891
11007
14056
6589
3371
12866
6764
1547
10445
12887
7823
21760
7662
3690
17874
14600
3146
8402
1801
17211
15283
21337
1126
11551
19347
21217
19462
10811
0
1528
20368
2285
1754
12969
8528
1487
1495
1484
1488
1482
11715
1656
9671
1081
4753
8913
25989
3384
12443
11528
4714
7678
17262
9168
27604
2373
13336
15279
5796
6329
6327
1282
10564
8861
4297
1158
9172
16647
13422
10910
7998
1637
1630
1733
4596
24847
19576
2744
21839
6708
4576
5200
16106
16485
15741
1893
7053
12201
3093
4393
4195
5038
22756
7408
4684
18486
1391
10331
13140
4738
0
3409
6642
23481
9024
11301
3050
3019
3028
1201
5393
2502
1852
10097
12846
16856
11839
3717
9621
4237
3613
5998
12176
8714
1373
19896
0
16547
1192
10002
12512
6692
4923
12771
4915
5008
11297
1945
4489
2958
13011
5559
7992
18977
8571
4428
10676
2302
7870
6178
9124
17392
9747
9486
3299
3885
19013
2957
4784
3165
2175
5824
6245
0
2689
2551
19017
12916
13308
18727
13123
6049
17579
9360
13449
10482
2922
10770
1039
6721
2032
8789
5984
11592
19547
10155
3854
3335
4047
9355
10244
11341
17720
3101
18024
4156
8341
6615
3606
3797
8073
19096
10322
13941
2728
11852
13777
7199
12729
0
10205
5071
6051
6799
3913
20831
6049
10440
3844
8424
7507
14391
20018
5463
8166
3137
1336
1356
21020
14135
10326
19642
19844
1547
3911
14620
0
2299
2312
12907
1254
1244
1273
19815
0
15900
1072
3538
9007
13804
3822
8837
10075
9444
10414
3094
8346
25710
2545
18066
14611
2115
1904
10881
7688
18397
1155
17371
6227
10357
1606
1622
1668
26266
6171
976
6367
8894
1097
9533
10208
13975
24452
2631
2618
2632
2596
17853
4124
0
7388
1653
26730
16314
8506
7871
2971
2130
18412
10369
7294
7252
2115
2106
5476
10646
25067
2009
1846
1854
1850
1849
1840
1835
1841
0
13034
8219
14043
6495
6053
15974
16903
2971
5614
9386
9360
7480
1550
18658
3279
3282
4162
7889
14920
10555
14144
11851
3529
4586
8260
3533
24800
3091
2725
8921
11812
7784
3062
5828
15032
21062
2261
2561
1390
2011
14850
3584
5618
18591
19101
8051
17174
3468
8423
10528
17463
1094
1219
1460
1646
3957
2035
12775
5578
11760
9262
19653
5399
21839
4188
29417
4539
9746
8890
14796
4379
4322
1535
12980
21914
34317
4299
1615
16961
20292
14243
10621
14121
0
6597
10749
5866
4940
22455
15887
3747
7171
23845
2442
3476
3788
9595
3932
1486
1457
11700
2219
2221
7365
7299
1136
16335
1958
1938
1021
17510
8764
8113
4524
3543
4932
9511
3907
8997
2535
11038
14217
2605
1215
2743
30977
9593
3966
2739
0
4177
16069
1960
3118
13667
6201
9346
3046
2389
10101
7592
2305
1744
1668
1766
1163
16701
2312
4560
1369
0
31899
6675
13731
12416
4452
18506
9034
10198
10567
18052
6033
9528
12382
17402
0
18190
17087
20477
2298
23464
2402
8702
2191
7129
10357
7139
6509
11965
5565
3591
2586
10311
3624
13667
1619
1049
2464
4206
6898
1368
1604
1447
1483
1503
8852
0
6915
16383
10301
5176
22082
4909
13279
9903
2032
9096
14271
2244
19613
19886
10830
11966
14808
3006
9538
2363
20449
2277
5945
8979
9582
13900
12900
5687
0
8233
3537
3006
7955
5596
17492
11208
17291
0
6026
6474
4637
2006
1431
2131
2004
2007
1995
3658
11910
3805
1322
2746
4624
6959
15529
6368
12594
5463
30710
13850
5122
6484
7887
3055
11194
8518
14775
6438
2597
7005
2711
2711
2708
2699
2707
1164
13841
17891
0
9341
24158
11362
2456
2463
1182
2388
26593
3565
4032
8774
4238
7452
8574
16463
3401
32312
1337
15306
8874
15068
15370
13301
4322
10918
1567
2146
13942
1446
20278
1503
5916
13216
15603
14044
7417
3019
5762
4915
15857
5275
4658
16621
16674
4287
2973
2247
8946
6739
6231
7204
4416
18797
8158
7630
4664
3501
3231
18890
10548
4025
1597
1593
13301
5969
19060
7374
15254
3647
1169
1136
1153
1145
1148
1144
1153
2021
6052
2144
1031
17351
7668
2423
5914
1757
8956
10219
1240
19643
3980
3978
9505
8182
4138
21494
1703
8914
14813
7359
2060
9320
9633
5565
6720
5145
6821
7421
2073
2076
2095
20188
9220
7248
2667
2948
5677
7723
16702
16763
22044
3738
11114
15768
8539
6392
11865
7182
14804
26367
17595
6084
13280
1379
12605
14419
7249
2464
3860
1743
9756
8144
4520
1474
3463
3388
2583
9343
12903
16056
21379
8819
10609
13752
1895
8201
5143
20080
17982
4126
11595
8576
3864
7445
16974
8552
9265
1181
6930
5587
13429
4255
7552
8406
14208
23267
2429
15822
18161
0
9023
6712
10908
5002
18099
1522
4356
3840
9780
10755
4488
3486
1681
15371
7835
14707
13559
14465
24934
6101
18473
1860
2571
982
4373
1517
13131
2309
16248
4319
18032
21772
12424
10009
9183
28775
9707
4053
2286
15253
0
1862
1860
1865
13932
19492
10395
23360
2668
0
6381
17365
5699
13789
35794
3324
4360
4323
7648
3854
1134
2195
1352
2899
19274
21859
17010
10597
1051
8526
1984
1866
6055
13952
2364
6532
11070
24958
6677
16809
5774
1238
13226
31941
20373
16590
17303
3870
26504
15864
3363
7167
14553
20664
6945
11142
1665
12105
1578
3373
14867
7355
2625
9359
8207
2394
2502
11042
7665
1821
19790
11833
11651
2075
3177
4064
15732
24456
2408
13172
2214
2239
4473
18555
4308
9556
1571
15674
5632
11105
5892
19825
5796
15925
20050
17833
10933
1063
10005
0
13459
2923
6230
5281
5625
3249
11966
6700
15171
10653
2401
1309
6608
20964
5073
1761
5304
6920
6802
2761
17178
5973
23836
9021
3551
26076
4758
2091
2080
2091
2099
12279
17369
15866
4728
14047
4231
13474
8997
9071
11534
1552
1177
1194
23139
8693
11552
4598
3929
1092
1702
3732
3441
5928
10027
2975
3042
7287
14592
8050
8827
2727
4253
8730
9729
19548
14666
1994
3727
11670
2594
0
11342
9675
14698
3721
3712
3721
8066
2433
2430
2430
2410
1420
17700
3739
9453
23585
10262
17895
15105
17028
9575
1113
2052
2563
2315
9352
10510
2740
20787
24875
7793
30281
5031
18361
7585
5034
13599
2346
13259
9915
15064
3558
0
2298
19142
5895
4967
13580
7558
20533
14912
4697
8353
5330
8207
2518
6040
16742
1488
0
1522
0
2732
2885
4986
7474
2831
7712
1301
5566
9998
14079
1369
1351
1363
1358
1370
13090
14876
3065
5618
10221
3553
12421
14059
2855
9550
8798
17251
31984
9808
2784
15589
4186
21637
9307
3255
2296
2281
3102
1931
20031
6082
5773
33739
1640
8742
3821
1258
1256
1257
1262
1253
7777
10281
4860
9950
14520
13736
7104
7196
10682
7518
7151
1956
12387
8373
17617
36662
7615
4079
19076
8623
13234
13969
18407
7391
8247
5207
2316
2316
1963
8123
11693
3061
16074
5457
8052
4325
10055
5208
10889
2057
2019
2053
16739
4696
16324
1945
3130
17606
6172
3211
11583
19221
21163
2116
17721
16180
6384
8898
2816
17635
9786
19082
5268
19685
15934
1794
17153
4161
4578
17284
2056
3194
36349
9290
10168
16684
11726
20883
16284
0
13422
8981
4313
11580
13447
2634
1524
12611
22088
5589
15838
7969
1795
20245
8633
4253
3154
11266
6623
7104
3742
3747
9685
11516
5242
1513
1785
1774
1782
3167
8198
12896
22621
2733
11773
11122
10314
6122
13714
5557
1706
1462
17249
10034
5429
5389
9988
3938
3920
4593
7396
24654
3164
2615
16260
12099
4671
9855
9501
1708
19131
31293
19687
2733
21211
11802
8947
11988
9527
4544
15973
7930
28760
15445
2263
32674
5901
10263
3359
3082
1993
9818
1962
13340
14904
7439
0
17544
6791
16589
8817
0
3575
1328
1462
1457
1459
1446
12561
3757
12572
13734
7992
11812
13062
9571
3649
12415
17094
7835
4433
7800
2217
6118
14126
28343
13037
23043
8145
12305
2802
14013
6537
15521
2034
15727
6822
17609
8850
11127
3677
1102
18237
12451
33079
916
8148
3558
14811
3400
7245
24738
28289
990
13124
10436
5714
10270
10079
24221
16659
8416
7852
10497
1773
2466
1649
4934
4925
4024
3222
3798
7671
1843
1851
1840
3459
6611
5991
15217
19623
3154
27383
17383
16644
5080
20883
29627
28863
22328
2382
9275
17800
3036
19657
3003
13409
12833
14608
15990
11903
3831
1724
11019
6019
16338
2626
5455
13314
3077
7716
1214
17473
11754
2979
10485
16870
7475
7123
2347
3318
8973
36317
10159
7851
22223
14606
10988
10998
15369
12470
6324
7153
3084
2058
19457
5811
14063
8878
19237
6765
16610
21689
11645
2350
4165
7534
2376
2204
4632
19603
13205
10802
7877
18726
1873
2685
7958
7327
7751
5855
0
3699
2001
3358
7570
9484
19766
3611
3309
1661
20186
23256
6208
6341
7703
2063
2078
2012
22796
20196
21592
3657
4133
2036
18793
9583
7876
10871
9541
10430
10601
2161
19052
5316
20175
13752
21565
34146
12991
5760
9220
11290
10969
20207
4644
8599
1462
15844
11788
3915
8970
13687
12106
15316
6916
9506
14650
9817
8096
16264
4404
1698
14140
18165
6349
4706
2120
13609
21293
2201
20072
7961
11699
21249
13998
2844
14270
23452
7627
3112
3111
14897
17801
3579
6927
10839
16122
11202
11919
6801
8064
11497
1442
18524
6216
18146
6350
3032
8421
3669
0
2957
1330
6944
2019
14748
13442
6444
19958
4525
2427
4122
3247
20295
7172
17767
18401
2641
1522
3215
17558
5357
11909
4180
2073
8119
18658
4701
2498
20329
22536
4375
13517
2918
6356
23117
7837
1925
6007
3472
9427
1051
19071
22004
6035
17802
11020
16760
6440
10390
18195
4905
3461
4383
5828
19062
1137
11691
13673
12681
14129
11574
20548
2543
19969
7503
4013
23392
19777
17428
27003
11674
5110
12139
19963
10994
5552
17004
22324
18455
2936
3055
2955
14233
10072
10506
16152
9570
16339
5474
1914
12937
2887
2883
2303
20115
6587
11936
4457
9196
2809
4113
9488
7504
6435
5104
7604
4171
12574
0
1205
15222
9372
12401
22462
16663
14817
2843
2930
15818
13907
3208
1669
10991
16520
8988
7098
18753
6047
9347
12496
9819
7026
9435
4104
5770
8635
0
18258
18638
8478
6641
9706
9169
7611
9254
2215
1412
1410
1409
1413
1409
1407
13586
11983
4802
15890
2523
24968
14631
5443
6844
20463
6932
13026
4501
11356
1390
2213
12330
11294
12716
2738
2849
15045
13303
5391
4503
19357
6389
6335
18938
1936
2628
19909
7752
8837
9111
16457
11427
9451
13482
12183
10501
5155
1995
1990
1987
2773
6852
6325
2614
2664
16112
12049
2872
5935
7720
1727
9988
4058
15475
1409
5711
22850
2642
4415
1444
2474
2468
2453
2477
2457
3343
2821
1539
18752
2968
21962
11492
3579
4490
8320
6489
6921
19519
3521
2161
8433
12016
5540
0
10155
17726
2972
3242
3240
3235
3255
9555
9499
15719
8084
5160
5849
13016
19833
11718
3239
17361
7404
3776
14256
4458
5355
2570
10659
14389
9864
22651
3473
3601
17121
1045
2065
15308
22692
7112
12658
1453
5772
9382
6428
3361
6141
0
1883
4768
1295
1920
16644
15079
2383
12571
13450
21075
10044
8379
18987
5132
7810
9389
19523
7861
2968
5064
20388
10184
10748
11714
18945
8931
12536
7625
12463
4774
26647
1063
12505
9316
17809
15173
4737
7226
1132
16503
6992
15044
6395
11865
13178
14629
10594
1259
0
7791
3591
25765
10297
5675
6093
4901
9842
963
7194
5122
4787
5179
6816
15871
21647
2316
1972
1974
1995
5189
9771
3503
10258
1116
9575
10011
27512
6459
1326
6846
1162
8085
6002
2148
7348
11557
15820
9728
7037
19419
19241
8826
21418
1409
15064
3331
16521
8927
16889
7289
6877
14541
2604
5638
15588
6632
21225
1641
0
9162
12487
5418
15297
24953
6229
13416
2712
9152
11388
4187
3366
0
3532
4303
16370
12650
3727
3720
3716
13069
10388
4115
10947
4801
2794
18648
5528
6357
14586
1411
7109
15965
11835
2157
9995
21667
1949
2094
2225
2175
13752
18429
6831
19489
12045
11615
1868
2264
2274
13195
10829
7640
7495
4544
3076
2438
955
3415
11219
2751
12997
19033
12744
6178
5170
18050
4908
1987
3431
8023
10880
3337
10487
6675
6846
5430
1125
17680
1838
5323
0
9496
16944
6700
12825
17930
11546
17522
13109
2726
9455
4411
11015
1519
1044
5257
1821
1667
10250
6396
11776
2826
16649
3377
20482
5439
16392
14848
21491
12286
3834
4694
3696
1813
2878
2713
3165
4492
21220
4459
19808
6676
4071
20883
8809
6378
19854
12693
6767
10323
8466
3156
9377
6726
14427
13330
4295
1127
27393
14648
5626
6666
3474
5080
5594
7634
7684
3160
9000
1842
8448
8831
16762
3788
3251
11663
23926
4617
11926
15225
6938
20141
1545
2025
19164
7764
18308
11555
16075
10686
1666
4794
10060
1970
7629
2715
2731
2719
19458
2091
8652
2771
2665
2650
2646
11913
2954
0
7403
11814
7731
10051
8502
14308
22238
13606
7184
19781
1660
1659
1631
0
15910
3489
8566
1465
1423
17803
1611
10911
10849
1165
10544
5967
14172
7540
27300
7466
2846
10155
3327
19333
9501
8417
11163
10441
8051
18654
4067
2771
2772
2788
11528
8327
8042
13665
7401
27829
14509
4445
1018
19403
2076
8595
2210
9893
3071
12003
6455
2916
5318
9328
16894
14341
2028
1080
22408
10850
9930
12617
15445
5080
6684
2254
2855
7437
20209
5038
26693
4316
5524
2068
3200
9651
7667
12189
11215
983
0
5419
6851
6009
12496
1900
1898
5316
11196
16239
23870
4476
17585
2403
14041
10316
15326
10643
9813
9471
1748
7270
16126
12761
10073
21761
11706
10864
7218
12164
12562
24208
6458
16525
1189
18465
3929
10399
19132
21271
14970
1765
3805
2451
4698
15192
4171
6014
12519
1182
8926
3416
7349
14035
11568
4632
6152
11612
1562
3163
15803
2930
18952
16156
19211
6259
2450
2444
2178
15325
10023
2934
0
2951
15402
3814
1287
6912
1300
16329
1961
3030
3210
1040
8091
1978
22281
19297
1496
8463
17326
2749
2986
15047
11246
9660
13906
2836
9967
8299
7251
2416
2341
2341
6476
19879
4465
2823
15221
11715
10152
9887
6519
16362
16616
6045
9542
21562
2110
0
9641
1459
3812
13121
3077
13247
0
18399
2825
7967
3718
25014
8223
16370
2057
2075
2055
3973
9667
3120
7836
1314
1306
1310
1311
1708
9686
2424
7639
17404
1046
12492
12593
1411
4910
11045
1477
6351
10644
4881
15184
4106
3445
3907
1444
8422
2835
11688
4338
8860
19334
3880
13642
1648
3945
7191
9341
19512
13017
3579
18139
6866
6945
7695
19236
19210
1311
13599
20831
2927
2697
5677
2125
2635
1193
15322
5086
1316
3939
14638
13919
19448
2271
16042
2480
2748
16862
2775
8006
11861
13798
9060
2120
2672
8530
7466
15965
12847
16793
7305
2100
2787
26210
3298
3676
3708
1492
10437
11384
12664
16858
17432
11027
17732
11926
21027
2476
10470
11278
12068
12731
16254
4804
1902
8335
7098
21210
17291
11051
1619
4506
17404
10093
6821
3686
11658
4426
2973
15074
17731
11370
21961
19947
7708
20837
3736
2361
2354
5295
9858
11130
1896
6466
0
16181
2941
12034
7674
20143
6483
3581
4502
18851
2446
5282
3247
3252
2026
20704
18568
11025
17303
1479
2713
22416
22419
12006
11823
1512
1486
1520
1512
1487
1503
1515
2668
13396
1078
9569
10675
2678
1376
24915
6930
13142
7291
16396
12823
13501
4171
4157
5779
10651
10353
22189
16093
12263
3300
7034
15385
939
6925
3180
35996
6460
1096
1032
1014
1888
1952
4475
3581
3496
2443
9102
1592
8345
11479
3055
3000
3029
2984
4744
3653
15410
7642
6528
7330
3846
4397
13399
13740
1618
19191
3324
2284
2189
15329
28307
22599
17174
10269
8176
0
10037
14770
9796
4385
6626
3983
10754
2466
20654
1261
6490
12836
6923
1764
10725
2961
7725
18910
3848
13398
9806
3597
8132
3982
13971
2615
20239
29782
15172
12957
4729
6329
0
1801
18365
14350
12734
8950
4682
4064
8733
6242
3572
1014
6642
4141
12841
12345
17257
21118
2018
17397
7211
8692
11123
2707
14324
4470
4916
2255
2372
12308
5682
12634
15690
3799
10748
3936
10320
7692
6457
9958
14876
15277
3284
7631
13798
1360
13132
5659
5477
5444
15026
2777
5076
5053
7024
14133
8331
16218
3200
7754
9817
12044
6950
3733
3984
6230
7653
7567
7824
18479
15708
12842
0
9930
10747
15824
10948
18993
12108
5190
5058
5059
1807
1664
7538
7658
0
2726
0
1725
1713
1721
1725
1722
27241
9708
16546
8316
9473
4405
23175
4974
3096
3350
8601
5428
1520
1322
7848
1697
15650
16023
2456
2460
2439
993
1171
1173
16841
4120
9159
4330
1154
7733
4809
17458
1166
13952
11637
2706
1209
3215
2566
2575
2702
3132
3411
2468
2506
2680
2479
2499
4631
9384
5589
15246
23589
10262
8943
11824
8021
15343
2412
3827
6296
1345
8520
6392
9667
2374
2323
2408
2339
12675
6616
12647
21503
18681
19603
2930
6415
21936
7242
11072
2464
2462
2453
2471
1474
2342
21880
6374
21165
7687
7059
2847
8696
4527
8917
0
4388
8510
19302
14073
4809
16761
16624
12693
17177
9046
2574
10602
4438
3390
3818
2535
9929
4486
4781
10088
9622
7933
25845
12877
16801
23390
5490
19710
5654
24319
1110
3143
2189
3027
15913
6122
16094
8576
5932
11351
10948
4741
10419
10926
5035
12343
20618
2977
2077
13682
3447
22856
3490
1047
1161
10043
9186
7938
5059
19000
19396
3590
0
4851
20906
8434
8661
2522
25787
2593
6104
3763
3045
2874
2892
5093
11844
20896
12207
9613
20177
1459
3992
4499
2877
20874
5168
19638
6869
3841
14611
32589
17675
21891
2101
10778
10627
12315
8252
4865
1633
6143
14134
7176
16336
4069
1861
1424
22467
15186
1917
1967
10836
7887
10371
6798
3286
1456
10405
6657
7070
1554
3276
2084
16670
10491
6693
6856
21799
1588
4938
16270
15735
9010
14952
2705
26819
26124
24052
6774
20952
4067
1972
2026
2259
15428
1478
5715
17884
2658
28057
4652
6488
1595
13640
23499
20995
2078
6401
1727
6096
10728
8793
20652
4258
3996
9437
25565
6040
1259
15355
5826
13503
1231
5819
8993
17350
5867
2973
7291
11311
10999
4274
11747
2251
3661
7496
21771
10059
4508
27710
1394
12344
4833
11434
7281
5003
3679
3359
20715
3656
2471
1397
2707
7485
11302
16140
17348
17698
7494
7819
11734
14699
2911
1826
1825
1845
2801
6700
7718
11923
17923
18807
17242
3189
2140
4009
13078
1785
20188
7075
15437
9376
8314
6058
3025
3923
16024
13728
11970
6747
15493
7462
5361
14436
17148
4655
22238
15894
4062
0
18916
2349
2221
1374
1385
1383
1384
1388
1376
1379
10913
30793
2824
12232
16632
14105
5640
3136
10937
1611
3952
3265
4462
11477
7994
18427
6777
19383
5635
4869
2994
4486
21673
13519
0
5056
6446
8644
12550
8954
2725
3481
7413
1720
1736
21077
13335
17443
2282
2165
15341
15911
6576
5138
8100
1168
4932
17011
20530
4770
6795
7915
7895
15666
1426
4409
4806
12453
6207
17947
5136
3793
14546
14852
5336
2390
3810
16884
18998
1691
1697
1588
1564
32841
7595
19351
6760
12436
21461
2353
4771
3985
20419
9099
8707
3727
3332
17205
8159
6436
4882
2086
17163
7915
12273
1499
23360
0
3090
3061
1423
4110
8191
2600
12991
1768
12877
13831
8326
20915
20691
16207
6084
9779
20236
9230
14675
1783
1754
3579
8655
5109
15106
9366
17375
14336
10938
4004
21606
14661
15147
6286
12956
8479
3337
3312
17379
5168
4067
2525
1946
1495
3002
18942
10042
0
17414
11803
25446
1166
1815
11285
3502
15179
3190
2027
1431
4188
14395
5986
1054
19186
8814
2434
13315
10805
10667
8104
4171
3214
9702
6950
5185
12970
23029
23251
12320
3124
16756
18483
4146
1140
8347
10603
3671
7709
15023
1419
1278
1235
4289
4136
8382
8230
6203
12723
6084
6489
1420
4892
3622
9689
6930
9258
2142
5337
0
12250
1774
3301
4607
1549
4489
4882
6354
20267
14617
13828
7259
18540
5747
10868
11571
3948
3470
7968
7172
1849
1830
11684
14793
17231
5536
10399
8979
8963
8356
3097
2871
18148
5961
18797
3154
1813
2396
15172
2684
1368
10221
11871
0
7948
21821
1903
10676
5862
4566
23203
3902
16613
2264
11052
3308
1205
1434
14908
10398
8409
14542
3418
1851
21630
11631
2878
7244
10856
2458
7420
10818
2984
16998
7185
3010
1791
1776
1799
1794
3576
7855
17582
6177
4115
7235
5932
2685
16037
3735
4737
1144
3859
28349
9658
2243
2638
11646
4851
6757
12813
22355
9014
12089
2066
2907
3914
18908
11429
3537
7230
6902
7695
2874
3257
6617
7688
13236
20927
7916
3537
19064
8201
7478
5361
4028
6247
1071
1097
1069
1071
1071
6452
1294
1301
1289
12970
1927
12450
20921
3394
6748
1771
6789
9118
1488
18458
8069
1267
9681
3842
6735
6377
16810
5269
15089
18720
2016
7639
24791
5574
11781
3707
12936
2634
3089
3019
3008
11815
8453
3617
12175
16399
6733
0
1908
12266
5392
14574
15763
7777
2287
4990
3326
0
7586
6294
7847
4149
3442
19581
1188
5434
3341
0
9278
0
5585
13932
3029
3024
3022
2969
7163
6846
9521
2200
2193
2175
10055
1438
1832
1767
11264
9998
11752
13523
9424
5495
19578
7268
7297
18123
10975
25231
9916
2091
4480
2990
13715
4310
16087
13031
10389
8930
4573
8596
4105
13878
10941
3167
3167
7246
9926
9170
6426
23441
6480
7751
7067
2370
1903
1923
19270
13086
2035
2025
2034
2027
1426
15718
13782
6795
2128
3877
6226
9666
4980
10100
8344
7931
12731
1507
19543
3680
13971
3519
5235
2536
2548
1579
2372
2369
2370
21977
25710
13672
10173
10981
3732
8426
11607
17884
6071
18786
1980
1982
1978
1986
2788
15284
14229
17361
1762
10471
4965
1301
1178
3424
10094
3909
1020
3945
6883
12930
13064
2281
5680
6430
9660
18005
7079
7674
8401
4259
10258
12170
4494
9621
5789
14663
4514
9745
4882
11882
21246
11319
35225
10058
11656
5649
1991
19829
19162
7708
2657
9940
6880
2671
5233
1354
6938
15374
6526
11784
1966
5589
9781
3580
9918
3493
18085
9848
5450
8540
1893
2860
2365
15005
8970
11839
4334
7763
6812
16277
3096
15861
16434
17918
2132
2139
1560
1736
2731
2189
2192
2180
2155
2368
5693
2439
15005
4063
6274
7261
2959
13967
10596
3471
0
6349
13180
3186
2815
22138
8942
4104
5807
8141
5968
3470
3444
6272
10211
7477
2894
1496
7310
2315
7928
27278
2834
1219
15077
8720
3551
9082
1050
7166
2862
12812
25794
3286
5072
19777
2598
15066
14241
14028
17843
6886
14817
24430
14177
16536
21901
11016
7764
13251
8912
9174
14018
18930
2661
6875
0
13373
9752
10338
1653
2529
5665
1731
0
8473
15096
7291
21418
4424
4151
0
18792
7050
5216
3158
15284
5900
6058
3588
17987
20625
1918
14265
12264
7196
2657
6312
2233
9908
18871
8642
14575
18915
3224
17311
21669
16889
9837
8491
17772
7671
10874
11695
1995
2816
14544
6698
11705
9709
1776
11201
1787
1856
12362
12867
18667
20445
8493
17421
15465
7681
3316
8576
6312
11878
14929
10433
2286
14263
22292
7640
7746
7877
9083
2947
6562
19508
2526
5364
4540
17138
2656
7150
2767
3776
6740
24072
14977
3983
2741
2714
1405
2262
2308
2316
10533
9511
2469
20534
2872
11545
10004
2196
2188
2234
12848
9534
15854
13541
1433
1557
1360
22691
1631
2654
2651
12655
4131
29073
22461
1218
1439
10440
0
1187
10200
2284
2262
2254
1617
5682
21168
9220
3399
18455
11556
8405
10373
4394
27136
10820
4261
18684
2299
2296
2306
16159
16400
13164
2681
3766
1254
17208
17266
10978
18832
7799
4906
7155
17636
2702
18175
1713
9872
5591
12276
2376
2273
2244
6624
7324
5883
12433
6263
19759
6434
17861
8830
20609
2793
2757
2795
2785
3579
4760
14058
7219
1105
1544
13988
6723
10667
1273
11569
1063
7493
13877
11465
1700
14342
3850
7579
4595
11845
2138
7660
3288
16609
2759
2767
2764
2753
14645
7078
7189
2144
2431
2419
0
7621
2261
2269
3632
1841
8491
5737
1500
8356
17983
14449
1403
5124
11772
18191
20224
18754
11770
9252
14095
14401
2477
16027
9629
24475
8528
14770
4058
4066
1311
8877
5139
3455
21075
7216
19822
8797
19319
5184
2800
17373
19107
6839
1240
1252
1254
2754
1614
14614
25445
2970
26983
8222
21415
3246
9656
18890
24931
9332
10868
6819
9821
4548
11920
5035
4527
0
7412
2182
10281
1560
1454
10866
8269
1595
13510
9059
3442
2776
4392
13184
14559
10702
2322
17940
17181
15703
26771
15702
0
14219
7015
11453
4449
6855
25068
5942
14216
2370
0
3621
13466
2612
1446
4669
12015
4789
9750
19131
6900
7109
23374
12389
20406
1320
8308
3837
5061
17913
2740
16942
2072
2092
9305
6268
5448
15866
5809
14953
16031
7701
4435
6700
5935
16359
5150
17163
19709
13395
11700
17441
14426
17664
12129
2075
1257
9156
16542
7021
1633
18226
15887
1357
1305
13742
8427
7330
2277
1746
12201
6614
1252
1242
1264
1247
1244
2467
7821
19651
10870
7214
21492
1154
1151
1154
1152
1151
16915
1906
3223
7570
6340
4218
2943
2962
34341
5079
4544
2385
12001
3789
6049
19584
13261
1058
8046
6195
6850
12157
8399
13240
13453
4164
1722
1737
1716
1732
3579
2488
11190
11173
1125
3771
19574
5647
10626
16692
6327
5616
10437
1980
12541
4720
12298
18189
9992
3217
20608
8609
11075
8771
16867
14137
4699
3104
4645
5078
9000
8566
15955
24220
2965
6025
3301
7789
2644
2644
2198
1659
7444
5293
1650
8870
11830
20327
10982
9813
7925
2927
13410
3955
11193
4043
22880
5823
11479
1013
17909
10455
14822
1757
7233
10396
18514
6390
4895
8923
1773
2533
19700
17148
3162
1273
10531
1043
10148
15001
11093
7116
1265
10678
23985
1850
1858
1874
1865
8620
19509
14992
13384
20219
15070
4166
0
7806
4628
16742
12437
2793
13210
15870
18713
0
4555
3734
14067
4326
2996
6600
24712
13713
8141
4515
6475
1708
3039
1561
0
17069
19465
15452
4604
21113
11174
27336
6541
8166
15083
15420
5208
4929
6671
3328
6860
3547
5352
17795
15586
3170
5017
7362
1514
6893
5416
6104
6129
4234
16083
14121
9089
4260
5548
3719
20058
8146
20282
3946
3043
3043
3046
14759
6485
5718
23194
27302
16319
17304
19560
8493
1829
2455
3702
4755
7109
16031
9075
17257
11530
1782
2128
11055
1331
1320
2189
8829
12202
0
8293
14178
10945
2872
9934
8597
8432
17819
3905
7733
16484
10424
7881
26291
5433
3574
7220
1110
25031
14692
2382
1299
9503
21097
2035
20016
0
10667
1425
16117
7876
15370
8548
6343
2972
13326
15081
1947
17523
4637
4775
1722
6596
4537
1303
1317
16240
13006
3668
6438
11324
10594
6859
17977
11931
20757
1332
6100
9156
11111
9226
9810
9949
2802
2521
13649
16947
1374
1370
1379
6490
14558
4543
5018
2226
18944
3131
10507
10839
1104
6963
13110
3027
3026
10586
6299
22795
12045
11984
0
14224
3918
4678
3012
1338
1333
2021
3113
18268
1457
1467
1465
1466
1463
10005
6173
3393
8266
19394
14707
14998
14627
0
21207
5864
3365
14162
16456
7104
4992
3685
1206
2162
0
6292
9921
4043
7632
1973
1910
9044
10560
1026
9469
12060
12124
9413
15349
20118
0
17589
11199
11719
11764
9868
5785
17620
16900
13042
2722
1599
1587
1592
10375
19681
9939
6373
3490
3262
11376
21215
1187
11812
1393
11092
874
14495
6903
6619
8361
3458
11507
10493
8687
21433
6043
14176
3890
11598
1659
1473
17652
2272
19340
12981
19267
17255
2855
2901
5741
2834
1856
14189
2849
2850
2837
1046
0
8818
13599
7045
2373
20882
13226
4402
11117
9729
15790
4132
8946
9202
20270
3451
20717
1099
3678
3559
7629
10037
18783
11938
21977
10814
2750
22351
9133
9763
16107
7605
2036
13009
0
22569
11413
39751
16734
29653
3418
3387
0
13004
17860
12016
5831
11907
21582
1141
1231
1127
1132
1243
0
0
6985
5446
8777
5837
4049
3158
5604
1492
10753
16075
1941
17587
5823
6050
5892
15067
8690
10531
13204
4809
10472
17691
5787
15893
2419
3612
3785
12396
3507
1739
9378
12951
5344
21475
7595
2657
7675
17336
2178
2854
10943
17168
7842
6674
1799
1582
4981
4711
9331
2951
8866
4261
2235
23422
15856
15002
6480
1249
6322
2786
18766
15389
12380
17650
3660
5420
2877
3989
10773
10004
6355
3052
8416
15327
12369
1784
2371
20924
6186
5701
8342
11975
13697
2418
2284
5874
14222
2441
16475
1325
1285
1270
1792
11312
8096
5398
6342
21216
9052
9049
1439
5476
5722
3535
3766
20711
2952
5904
11756
2648
15433
13602
11734
3239
11377
7418
2737
16880
3875
14335
18788
13929
14093
14526
13004
5843
5050
11880
25883
18006
18847
8531
14176
4101
18511
4836
4731
9507
0
1888
34282
11346
3198
3195
9007
12376
4786
17632
2470
2472
1615
2173
8226
8808
9261
3636
11182
6819
15260
6739
18150
8868
2664
15799
7760
3652
3413
24265
11275
1363
22982
6632
3722
4978
6731
17576
5022
8903
5036
1366
18799
2258
2451
2476
12139
22101
7421
4005
5130
1116
7909
11333
1099
11522
1467
7294
3821
13970
3904
3174
10613
15239
21512
19941
1141
5763
17915
1753
2122
14243
1476
1469
1525
13696
12536
5901
5804
10477
12729
23850
8561
3706
1598
4435
11247
5683
6767
2855
2861
4921
4752
2022
8520
8352
1236
12668
3097
0
9534
5158
5291
13742
16540
11112
1649
15552
2776
12086
18155
12040
7500
15305
12135
11562
13657
10837
6905
12668
8297
1196
6114
3811
2199
18944
16071
13183
2666
15877
20064
21217
11548
5949
16490
9186
23119
2621
2394
9877
14826
26918
11090
13376
7553
6927
8045
12284
12486
9622
13455
11272
20471
7237
20935
21673
3168
25978
9681
10086
12654
10013
16333
11887
5731
1955
12915
18008
1645
15333
16127
18854
9518
17376
0
1829
1681
0
11155
3710
14434
10787
11921
14534
18708
1947
14841
24128
2366
11039
6638
6643
3591
3463
2268
13476
16009
26380
2264
1563
12736
14937
9012
1081
2261
952
3401
5141
8372
2353
2337
2324
2362
3363
17314
4525
17384
16160
3491
5664
14068
11557
12873
20727
2306
3275
14284
4984
2550
17942
1537
1351
1341
1222
14124
19516
21007
7250
8294
3433
1654
1222
1403
3909
4119
17686
2893
15516
2947
2603
3077
3798
7636
15594
12299
7749
1777
10295
12179
2606
2389
0
1549
8951
2052
8802
12625
23152
1677
1684
7715
2960
6527
6766
3111
0
2437
6352
1453
1834
14483
1069
2489
1659
7974
8392
11478
6204
15720
8552
7261
1553
21523
15620
6601
7069
31586
7612
2120
8307
18059
1923
2949
5405
1695
5420
3363
1719
5380
11694
25433
16302
6907
7563
2850
2853
1922
14024
17835
17833
8880
16337
12227
13199
5462
0
2041
2053
1628
2658
10391
11534
8730
8304
10066
13188
12193
4770
2375
7211
6995
7901
9633
10266
17698
9176
15841
13085
5027
2929
3460
5494
4144
1923
16145
8765
7273
9460
2934
2004
8462
2794
8462
1792
5015
4107
2277
12216
11271
1509
18891
8996
2822
13046
7029
8312
15470
6881
16884
2385
16459
7945
4409
10428
11803
13230
22268
13776
3028
6154
5562
5481
4943
5345
1798
2939
7827
1044
15449
2121
19095
14637
8619
3301
4250
20228
15423
3162
8784
1875
13896
9612
6273
17884
1521
20468
1405
4766
11996
15575
1248
1058
20664
7504
6633
10653
8569
4080
9695
19689
7787
14536
7326
8551
13258
5938
13604
1512
11082
8631
3882
9030
4628
11171
20280
15698
25386
7772
16503
6095
7725
2224
9770
11270
20319
4877
6435
6701
9282
17974
16385
8406
4886
7942
20482
10211
11708
3859
1590
3437
7405
8703
2615
7429
0
8457
2729
14206
1170
4855
17805
11251
3357
8699
22443
0
13498
15144
2034
2275
1931
20844
9869
15176
17004
5245
5457
6777
1394
2720
13879
8560
9706
3078
20394
29688
13795
3307
25850
18253
11948
19984
12620
11846
5336
7796
7471
1855
9887
5766
11524
13480
12794
5364
7208
0
4608
3705
10863
3570
2435
15502
11315
7590
7346
12723
1772
9790
19899
5796
11752
3141
2598
3510
1687
5307
0
5253
5275
13172
22319
11207
15739
2268
3702
3703
16178
22939
6364
4631
11139
5660
7858
19616
8487
8694
3978
14080
1952
9529
3438
2466
7754
6159
1168
7522
7409
1241
22802
19548
8745
1992
11853
15342
10133
25579
8631
11838
3766
4048
9054
12323
5061
2805
10206
17949
6297
39208
19139
9825
0
1536
1530
4634
3035
2018
2024
2030
10044
4467
8441
6404
4737
5123
3938
1518
8536
32877
16095
18110
5614
12266
14381
8544
7082
0
6367
11745
11155
3601
2449
2464
2443
2442
2443
2081
1126
14619
6666
4131
11567
8096
21104
1077
6609
2271
11487
4749
3058
3669
20398
1209
4074
3399
10923
13844
3377
2506
12612
3025
14028
17086
15787
5115
12133
3885
3798
6224
1348
1346
1351
1349
1353
1349
1349
8978
17714
15758
7768
1156
5516
11692
16389
9106
10724
2373
4799
20532
10276
16925
2517
17687
5922
14964
17429
11183
8559
2815
15250
9493
8967
6357
5499
6121
11046
4696
11240
18597
13865
3279
8959
13676
1490
21552
7169
10154
16546
9989
14487
6975
1003
0
10905
20207
2192
6163
1071
23430
11349
17029
4231
9503
16070
11634
16279
17747
7332
7378
5185
2034
2035
6456
6459
14689
1502
13708
3537
16484
4279
18188
12403
2334
2375
22333
2675
2835
8311
1221
22299
13663
5266
9434
12118
9700
1436
1358
1361
1356
1359
2763
15999
9063
8313
6870
1310
7084
38500
18035
5282
7395
2479
8008
6698
11009
3257
22924
14051
6279
4135
19271
20259
14197
21400
2165
3523
15590
9139
2007
9852
3043
2286
17647
6878
1422
9351
36579
1960
17836
9545
2678
2833
5453
14523
8102
9036
16225
9276
11324
20640
24568
31828
17297
1015
3945
0
26718
12848
10797
4250
3045
7164
994
15629
8592
17598
19306
10357
13693
0
4815
9702
6680
13165
8416
1862
1875
14738
11752
7774
6092
9460
18504
12521
10394
10252
2418
2496
2529
2430
11893
17950
4618
3838
4204
1010
6150
9326
1798
3901
19254
4275
20948
12106
14597
4233
7615
22630
9854
6409
1024
3078
17193
5338
1402
1912
11541
3182
4287
8604
4588
4867
13757
2078
14747
17653
1714
15587
1260
3648
4242
11157
8787
13165
3767
7401
6453
7244
20702
3320
14836
5129
1153
10961
6667
2643
13842
21091
17619
9030
2444
4837
3781
5481
18796
13063
7575
16672
19419
5091
7729
0
2395
10643
1648
4497
19137
4817
2420
1753
19756
4116
11026
3743
5723
6362
19145
2652
2667
2663
2680
2770
7900
23346
10390
3147
2730
14016
1327
4548
14976
5754
1053
9922
5075
7412
5393
17344
7202
10741
9337
17235
15408
1216
31817
26151
6619
3063
10419
2823
2831
2844
2841
2024
15244
15856
12367
1756
5610
2358
8075
7615
3072
2773
9974
5610
2466
4583
7834
13800
9114
10628
6450
11189
0
5183
16462
6776
2227
11230
6604
6090
8221
0
2519
4374
16785
10501
3975
4951
10346
8438
7438
17907
5255
3913
17603
19967
5663
16075
4582
3724
17501
13510
8620
3268
9647
5420
11218
4137
13395
6813
3543
27452
8150
3372
21692
3870
3272
9146
12344
14238
3670
2420
9018
4466
1591
22026
7801
2788
24111
6282
7153
10605
4980
5265
4123
16475
2552
17105
5499
10446
24184
10681
2446
2442
2703
0
12751
4773
3349
2779
0
19149
17725
9325
15267
3055
8615
4076
22642
15201
3486
16265
19996
14167
20445
3835
3716
1409
12386
15876
1890
15049
15684
7541
3845
14633
4496
25019
0
10038
4071
7069
7696
2588
13448
20132
12086
7426
12898
9025
16622
18369
7475
4499
8844
4944
9522
10284
3327
11168
18037
3428
8563
1905
17314
1889
1121
4794
9811
1631
2275
14652
7264
19965
1457
5622
12404
5246
14106
19612
4100
997
1871
1869
1866
23169
6684
8469
5497
16721
28445
21867
4979
1621
17679
2054
17330
9821
12158
5926
9395
1087
2744
3296
28230
16925
13478
1667
0
7000
4192
2627
7732
22763
2199
16355
14840
20313
20454
2205
13358
2023
10074
6872
22144
19012
8712
4554
11962
3542
1513
14309
5372
17517
8136
18165
10044
6116
4783
11858
8380
20256
3335
2357
1490
11680
2135
11094
5639
11215
14852
6373
3863
2790
12236
16379
7090
1656
19258
0
3140
3142
3145
3142
4349
4524
4767
18545
10370
18142
17746
15291
5507
5512
3513
4435
12997
0
6585
9050
1717
1724
1589
1621
1356
7907
14460
10155
11746
8541
1898
6736
10873
8431
10996
5327
6133
1590
11414
19215
18277
5419
9861
24451
19437
5262
3016
2149
12111
3067
4812
19238
4100
5020
13137
1613
17270
11892
5377
39214
2599
2594
7899
5458
2568
4638
3107
3810
4840
16583
29087
2502
2497
1610
4686
4992
22543
9794
2496
0
7475
4213
7828
3348
13855
8849
2874
7503
13728
6899
4912
17931
18087
6618
4136
4229
11516
7508
0
11064
10580
6681
1259
15571
9140
2844
4460
2928
19063
13209
3539
3018
11690
4179
17932
4970
14300
3484
12503
5203
5814
13977
7549
18921
13179
1311
6222
7282
12351
19138
2541
4796
17285
8814
9437
0
1200
8102
4590
6368
5839
16638
17020
11194
1851
13851
4114
2205
16402
3316
2800
4361
11469
5975
8999
8908
9659
2419
2419
2420
2516
1867
7120
8128
2642
4510
3180
19515
1588
10813
7169
7982
10859
21666
6189
8429
8978
23960
2247
11389
4744
1498
2440
6365
1643
4494
21379
3763
2216
2241
15536
1392
1385
3391
28115
17742
13603
11261
10369
2407
3546
2120
1441
22027
22403
23939
18752
8778
5131
4490
11116
1556
14414
9845
19055
2915
4725
0
16655
7985
9665
1396
11879
3279
11818
1173
7255
4625
10536
1274
15603
19331
2563
18113
8308
11122
2122
15646
9661
11710
12672
5418
18922
5146
7085
15205
12583
8246
13883
1015
1236
7486
19107
1249
3921
6884
2294
2295
2288
5466
7356
8629
0
2056
3187
11194
2662
2672
5766
4744
4759
23895
9533
9832
19410
14323
14499
2169
2153
2154
2170
2148
4618
3755
4838
11480
19284
10423
7669
4604
2293
2660
22837
5348
9191
12701
11742
19635
16019
14029
2831
10082
12571
1808
4714
3816
17883
6830
20469
9882
18751
7973
23497
1220
5324
11231
10232
11317
2939
14054
3459
21999
2163
2163
1628
5331
2792
1460
1786
2296
2129
19512
7542
17435
11622
11764
8458
14681
10679
2163
18156
7139
6490
14291
3948
2489
8735
14231
2047
3517
2272
10535
10015
10473
14494
18921
16156
6436
2510
2593
8357
6926
19954
7712
2731
2819
4149
24447
5615
24053
1851
10130
1459
9124
8362
20859
5746
1057
4556
3715
1208
11056
11944
8370
1034
8016
0
19986
23430
3267
13342
9250
3691
3692
3246
15827
15319
5107
14114
4052
10442
12445
3086
17083
9510
16988
6825
19137
18213
6714
7656
10480
25075
15457
3493
17380
14341
9305
11035
3214
20550
3853
9165
19506
10605
19506
9026
19660
26046
11014
16726
3205
25735
9885
17691
12594
3015
2567
1539
1533
1533
2003
23087
2715
8924
12809
14549
8837
12960
4529
8163
5092
5768
20160
2557
10669
10063
7866
23842
4736
1536
11191
6687
18948
19016
13619
1020
7213
23893
3225
7955
8694
10562
7671
16324
4123
1581
3064
18733
8564
1773
1720
5311
1148
1136
1142
1137
1135
1142
1138
18913
1622
2674
4997
9601
2376
2388
2378
2366
2375
11586
6312
7130
12594
18693
5082
5587
4615
16985
1839
17482
4346
1425
12541
2464
13876
15108
14185
20101
3436
3442
3437
9440
10676
990
3433
8454
14692
10239
2728
2106
2117
2118
7004
11925
5021
14950
15929
12948
998
2166
2163
2164
2162
2494
2487
2389
6303
13725
13478
13751
3635
21785
7953
18099
1759
8264
1248
3809
10178
3140
2319
26389
4090
1998
14025
3450
8972
2201
2212
2199
10613
14613
10363
12314
11120
11619
7390
4252
2240
2130
2660
8372
13821
2442
8836
26301
16472
6229
7769
6797
7749
12494
8298
3471
8445
8516
13152
18174
14320
2520
16584
3780
2689
13399
2832
9853
1497
1483
9062
31982
24346
3523
5040
5026
1329
3304
2689
2651
7801
17210
3012
8269
6178
6452
5829
4139
10995
3021
24417
10058
22305
5273
14323
8735
6815
3073
0
8076
2625
3351
5093
1574
4503
2052
15791
1712
1870
9678
5485
2388
19956
15071
1909
5602
11676
9579
3170
19574
9826
6558
1795
6833
4552
0
4029
5961
24433
11278
2982
14859
4063
2457
7192
1526
7205
11030
10429
6932
4233
4736
7829
8710
4959
4676
5460
8496
4472
5417
8411
10133
4095
4095
4104
4062
3627
2710
21053
5995
4006
9807
7043
12346
2508
6759
2021
8168
4786
4303
13487
9563
12105
1428
9604
14141
13408
2078
17331
9205
5067
20563
4642
10268
3266
15017
3015
18297
12495
18450
9745
17565
10141
5082
8336
12101
4090
13630
4983
8731
2744
4406
1544
1507
1498
1498
16857
12236
14493
7255
2482
3037
2418
13065
10047
2089
12447
8758
13677
9614
7045
7854
8390
4137
3615
4151
2760
3662
10822
13663
18440
24153
8002
10439
5010
18200
27818
6881
7326
2195
3081
8135
4784
8022
23397
1494
1493
14269
15734
3609
3017
22892
1448
10105
5615
4698
1332
10253
21329
2460
17917
17113
17664
10748
5220
1744
4795
2948
1383
2403
2915
2396
2396
2400
15278
10904
2819
19320
10638
1612
3039
5114
3179
13571
1292
19196
18210
17346
18471
8114
4582
6926
5135
20519
2334
2351
10877
11839
3222
3059
5773
10564
5888
3620
9999
14103
7481
6406
3484
9803
13231
8044
6404
10764
13092
2518
5953
9695
2402
0
8061
12366
1304
11351
1127
5154
14341
13298
12671
11837
4434
4804
8965
21707
25065
8712
0
3789
21741
3943
25687
11834
19166
17794
2662
3040
17858
1550
7111
1587
5873
12839
1773
3354
11767
2306
25133
14728
27040
1447
18129
16638
4319
5180
20227
12534
10402
5832
8466
8666
2032
9766
13868
11026
14447
4326
4308
3940
21726
3055
7111
10201
13008
7077
10963
21656
5003
11526
14766
3849
6919
5318
11723
7412
14727
2095
2100
2107
2107
2109
5186
3986
0
8518
15585
6952
15327
4625
8319
2449
23353
25066
2726
6073
1405
1823
1833
1828
1428
3371
9729
11458
1612
17309
10757
3602
10098
14504
17400
4376
8061
3585
7027
2457
6580
7609
7648
7856
19161
1094
1513
3724
2233
1807
4274
7920
3142
14233
10582
5392
21524
11489
6459
7762
1429
11736
18724
17221
15187
2403
2490
2554
1792
11112
15464
12553
1011
13362
21861
2458
2564
19011
17705
12462
20497
2236
2232
6682
6800
2972
6393
18437
7300
7982
8052
8261
8349
10273
3961
4545
12230
4235
21184
10938
11139
8889
22526
5020
14518
6310
13216
1404
1414
1361
1418
19701
2134
4170
7412
16123
16070
17189
3095
5610
10551
9487
15041
4455
4449
6018
10698
5612
14135
9586
2255
12757
2770
15816
18390
17620
18610
13985
4023
18636
10731
7752
23627
0
1945
7170
18602
5557
3271
9661
4684
4609
15294
2364
19782
1725
18103
3632
6592
34365
6322
10679
5143
15022
6934
16937
3333
1606
1624
21296
2976
3669
1006
3786
4928
14928
15985
8844
4644
15002
3255
10452
21577
4717
3370
8574
2588
5198
21493
13326
4341
3638
13676
7094
7277
2363
15487
8648
7810
9410
8758
3450
21525
10835
10736
6824
6445
26699
14507
5150
5048
6745
5770
13149
14142
19558
987
4750
3239
4731
9969
0
10371
8622
14590
2865
2859
11002
20910
6179
19351
1967
7062
3236
1413
7131
6546
7327
9356
13684
3930
17327
12607
2356
14751
11936
14175
8515
9190
2743
12257
8689
7624
11792
5532
6903
7031
6330
2033
2411
3894
1840
7796
6599
8956
1835
10194
2405
24559
4373
5528
5582
3917
9988
3176
9784
4187
3922
14581
6432
5720
7361
11884
11389
16638
2213
6871
2094
1985
10195
3495
6445
6040
20308
13066
3793
0
11958
2296
11470
2865
7071
9502
4278
18805
12178
1441
5774
2120
13121
15269
14050
14225
1685
1687
6042
1120
4552
11296
6711
4856
16755
17275
3697
26099
20956
11039
3399
6095
1221
17275
5413
1487
20504
5602
8561
5583
3808
2817
9165
6058
25548
2317
5348
21752
17342
2512
2513
2505
2512
7131
2321
27284
5638
7017
11777
5154
1222
1215
1219
1222
1219
1221
1225
1218
20768
2374
3904
3058
2938
2948
2925
15400
13761
0
15742
16263
2774
8812
1122
4092
10846
7152
18077
4876
2284
2285
2296
2296
2296
17817
15295
19875
3862
4331
4407
8051
6493
33956
17807
17392
2909
19803
7879
17286
2439
3473
20630
16820
18293
0
8551
8289
13735
17460
10108
3673
6371
12315
6263
10429
18123
22220
1611
8487
13742
15353
15146
12065
28725
24620
1016
22465
6679
18823
2492
32988
8347
4226
19780
15222
20369
25513
8693
1949
3916
5354
20406
2393
16111
4274
6215
3212
1356
1196
1321
1216
7843
12922
12809
0
1581
19808
3065
23621
19893
13342
1273
1280
1272
1277
1242
3054
5631
13692
9352
1725
16317
10241
7872
7227
10636
9093
3876
9690
2436
6704
0
6898
10392
4896
12581
3545
9744
11319
2944
6573
2485
2328
2330
2322
13610
11193
13821
8786
4538
12323
10171
1836
2434
15095
1041
9941
10687
14103
11602
10701
17695
7529
10016
11759
2782
9856
2256
2150
7928
0
6145
7180
2957
13911
5948
8269
17358
1321
7024
13455
9738
2650
21323
4779
17936
14700
14434
7571
10082
24054
9296
9890
9107
10827
20882
4731
7118
18825
8169
19368
8840
30300
17615
11841
14212
3388
16766
1017
5453
1762
1709
4032
9016
17673
3683
3384
3779
3846
6044
4464
6083
6968
13687
1004
6713
23551
24612
1298
8689
2354
17757
23959
5524
21828
12233
3540
2648
34039
10203
17790
2553
3566
1715
5027
4433
4428
6640
3153
18888
8059
13207
2614
3970
6372
15997
3087
1537
6478
22112
7896
8139
19015
2282
2110
10725
17717
10632
30606
1395
2640
10591
26929
9838
13796
8078
18525
4377
3852
17885
11439
7224
15916
25815
3074
28979
1018
3670
15924
2938
6620
2631
4885
2860
9653
4406
8254
6653
9922
15045
26018
0
1572
2151
12349
2402
12391
17490
17101
18025
1922
19572
8240
10444
3312
5514
8164
7303
1258
1366
7614
9290
2711
15522
26608
3957
11028
1100
23526
5276
21421
3231
8234
6541
5065
15539
15172
15575
10588
1501
3040
2331
16607
9953
12755
1996
20151
11060
6227
14154
19045
15103
11592
15755
15268
18317
5419
2717
2714
13118
2181
5788
5184
13753
3861
14320
1899
18447
16830
20881
5770
18010
11087
18018
3332
3884
8659
4308
9801
21663
1170
22238
7874
3128
10432
5954
14003
9001
1820
19881
15465
11117
8717
1139
5538
12426
8659
1842
14868
11098
22331
7812
9204
14757
2860
11581
8648
1445
18502
15226
22483
9739
8638
6523
1304
2585
2594
6894
21552
0
10013
1646
13425
6804
9359
3210
9454
3184
12595
5684
2358
2797
17929
11062
13068
5225
5220
4799
1688
6799
5392
1950
1949
1939
1939
9658
1389
11740
19281
30470
17746
4090
17187
17105
2584
17362
7289
1760
1709
1592
10912
1681
1683
1689
13771
5885
9674
13426
0
15688
6133
5956
7756
7015
2711
4317
20125
9215
4779
9004
11473
4977
11537
4506
23821
21887
4836
17504
7423
9034
16532
2411
2807
1893
29817
4507
13646
8525
3310
11312
11416
16205
21856
3758
5550
13764
14848
9980
14230
12626
12485
1763
2625
2638
2623
19128
25924
17624
19918
8864
4426
13746
11903
10452
6102
6704
15950
11951
20750
7519
7533
16477
1124
1510
8467
5917
1315
0
22953
2805
24539
8901
10868
5784
7571
10139
9964
12680
0
1775
10698
17847
6539
5038
1425
6324
2352
12021
13203
19726
15264
22843
9227
3805
19637
6682
8256
4055
3236
12218
10025
8025
6649
17094
9179
16175
8980
1875
19516
5577
5553
19302
11474
1892
7101
9004
9454
6334
1929
24973
6124
2955
10608
17875
6814
3468
8085
16447
8094
1529
9881
5787
1106
18522
6000
6165
22442
10226
17972
21863
11669
20150
14043
13434
10313
23553
0
19523
6077
13406
13145
2562
9441
9601
4469
6119
5219
10536
21743
6921
8191
8391
21709
