18
44
2270
257
45
17
218
233
279
56
323
124
24
19
9
1444
21
6
31
18
128
183
259
17
12
70
186
5
1203
259
3
154
91
242
12
4
455
34
460
515
640
331
93
14
277
11
131
7
303
183
168
191
706
211
340
72
63
18
55
30
364
110
3551
95
1974
52
101
698
243
231
403
376
370
96
18
43
24
9
1718
308
37
315
153
232
17
1
218
26
4
208
367
31
17
1959
1456
11
74
553
109
76
50
11067
3794
9
34
223
8
466
279
17
8
23
520
4161
37
57
475
4871
285
10
25
785
6477
349
348
218
6115
11
117
42
18
362
180
76
196
43
1
28
3507
596
1282
8
407
314
18
33
25
151
74
14
214
3984
22
121
76
252
852
22
309
40
539
4
284
1
336
26
115
5
31
233
1413
5984
11
36
41
20
186
19
270
246
293
2302
192
429
9
46
685
3712
1319
130
38
22
552
37
252
256
329
224
463
32
357
599
38
76
39
9
235
68
95
85
90
11
18
21
13
191
204
277
324
2
328
364
82
56
257
1081
14
238
144
32
173
237
7
10
222
220
11
241
54
3
28
123
337
58
3
111
708
106
4274
95
258
104
183
77
143
219
272
3
15
201
11
56
314
12
32
67
335
120
359
1
71
18
36
14
158
224
9
414
426
240
11
17
4
7
23
2
269
6409
1249
163
232
2
237
39
238
365
115
21
23
35
131
5
42
311
21
12
157
61
129
211
23
108
54
389
44
246
312
11
600
33
1
46
483
138
161
200
1244
37
16
139
226
211
93
354
16
38
315
382
392
10
2
321
7
6
77
1943
19
225
95
447
24
38
33
317
5
16
268
25
19
1
286
265
206
42
56
187
21
1693
13
325
18
33
433
282
561
50
3094
510
202
302
19
89
100
778
237
264
4055
12
302
196
614
304
2
20
29
446
46
2508
368
353
14
2091
782
377
396
221
13
132
200
266
6
611
362
360
16
478
272
568
45
28
6
60
404
108
1431
6
21
3279
8
82
348
231
386
320
343
387
10
166
9
18
6315
176
76
12
119
308
1
13
317
115
35
255
294
189
345
10
34
12423
375
263
337
305
50
52
1224
2
4
3026
157
188
104
170
43
24
24
5
299
406
131
23
252
8
7853
36
203
172
54
319
385
49
236
421
240
265
24
233
66
58
36
267
134
39
28
4937
61
1673
12
2828
145
37
243
134
209
259
11
71
66
917
180
30
289
14
589
72
361
314
29
15
102
13
3
177
14
104
129
18
101
245
34
188
317
24
124
787
42
41
338
492
2486
217
426
7
52
10
245
91
40
14
4
160
76
64
99
63
112
10
291
2138
362
1
373
383
345
604
6
174
1
19
77
194
2846
278
205
191
76
205
16
231
279
11
343
1220
184
904
131
5874
32
11128
164
217
183
42
13
296
14
502
574
140
9
165
158
193
115
160
136
7
145
375
372
185
99
13
1816
34
95
7
623
19
69
105
37
3631
67
14
152
225
257
248
264
427
79
550
20
2192
25
62
27
21
36
156
87
5
37
35
23
10
153
3279
10
10
2
9
267
2
521
463
53
266
166
1
273
598
46
2013
360
312
252
402
5391
40
2963
14483
68
46
93
258
45
264
30
164
145
236
13
3
641
229
15
14
41
1069
9
5
12
216
27
10
16
630
348
492
388
220
277
105
17
22
189
29
4
4
1
107
3037
199
124
278
290
6716
456
17
292
608
24
135
153
20
275
16
92
133
187
332
280
42
315
352
5
1807
1054
5
4
14
38
38
19
303
55
245
12
11
268
247
262
353
128
25
169
120
184
250
408
116
5
40
290
251
1602
54
522
5
158
89
4
1
22
21
362
177
12
21
153
7
18
16
17
580
271
2
36
2793
31
175
7
135
196
12
75
191
327
233
20
64
67
320
900
193
298
398
779
24
5
110
5
44
4148
306
14
212
5
145
143
6
254
22
788
18
74
269
33
893
2
13
885
49
24
76
5
11
8
146
54
36
305
127
39
518
20
330
279
1
17
78
307
4739
23
26
214
1640
52
32
2835
17
15
177
200
110
89
109
88
388
178
103
14
248
166
213
232
353
10
52
305
2
167
902
52
11
117
39
224
15
22
190
13
289
383
36
246
1
21
24
14
2128
238
418
2
167
464
89
30
211
356
108
27
230
506
285
10
2158
14
3411
15
56
282
416
302
166
254
21
286
331
38
33
4424
354
112
2
71
11
11
40
172
256
27
7
356
345
106
51
5
3
28
218
643
202
232
51
170
166
1607
332
3802
207
13
12
78
366
164
158
44
221
30
47
2
33
36
19
1
353
292
166
223
18
24
290
690
14
229
5759
9
4
165
261
18
56
4
33
45
1
6
34
726
188
18
186
37
247
1999
1623
252
89
13
4
337
4338
30
83
16
15
158
3
30
257
114
220
240
7218
377
252
17
9
45
31
27
64
182
248
2
65
21
4453
1182
45
559
337
356
3
16
122
6727
6
1
83
46
453
115
118
231
6
5606
8
1127
191
298
2
673
2
182
9
5
206
11
118
21
1316
366
186
323
292
157
239
3944
1
25
155
103
10
128
9
227
6363
59
431
16
922
89
173
136
15
830
110
57
24
192
285
2
153
37
4751
373
13
308
20
11907
204
991
198
86
208
76
12
39
219
13
129
2352
51
463
124
22
30
29
5
152
156
271
6
284
175
50
244
270
17
265
223
159
296
442
12
37
158
4
12
1
342
602
996
116
4495
6341
120
167
25
3
227
25
414
287
32
234
236
19
1525
61
2
3
235
19
1354
35
15
11
13
3
8
24
34
280
819
196
188
361
132
294
12
19
11708
1897
312
35
26
160
12
54
344
33
22
294
3207
6
14
131
184
193
79
6
263
73
103
193
3473
144
364
69
13
123
151
20
191
418
2
67
312
18
361
357
1032
6607
67
12
29
288
5541
414
84
189
9
28
65
184
51
21
286
28
292
276
260
15
798
657
8
44
674
49
65
20
14
5
50
87
3
386
7
161
248
122
58
146
754
30
26
10
40
359
195
8
1
25
17
34
7
268
173
1277
10
361
10
49
175
207
219
24
20
11
1
29
20
16
537
34
320
170
90
160
9088
124
5538
9
119
88
32
18
19
21
30
1161
3
405
18
26
533
811
33
104
124
3
504
101
91
8
167
31
4
604
14
320
314
477
163
187
6
17
266
43
92
8
11
169
11
827
7
359
27
11
3
304
528
4789
159
18
75
16
212
1
11
13
11
24
238
169
184
157
21
16
6
20
18
200
749
27
68
14
20
14
16
31
321
6
93
40
162
308
211
24
105
135
411
230
8
6
7
113
269
2880
65
101
19
87
16
243
91
24
152
104
19
262
40
9
380
454
446
83
205
328
5988
2517
48
8
27
16
14540
100
16
4
1
167
116
37
61
509
164
72
35
9
7
42
20
128
36
18
10
404
122
81
7
33
252
64
475
292
37
273
4
127
11
187
516
2793
37
467
183
546
2
28
17
6
690
25
17
80
152
86
175
65
26
137
307
454
14
190
71
16
291
42
37
13
6
64
16
36
41
94
55
289
80
220
23
284
85
184
2
128
21
1369
256
268
310
617
185
95
2836
7
16
1
4905
40
22
5
9
4666
118
28
921
196
140
393
4
384
28
22
256
22
8
13
2
728
299
24
17
154
182
189
113
64
14
18
519
121
156
164
447
45
18
128
150
198
16376
277
5
253
272
492
37
171
21
110
18
120
367
13504
4
1234
61
5963
3
492
31
512
66
264
115
396
200
210
161
43
7
9
5
194
71
351
1486
28
128
54
19
215
496
9
29
1673
42
31
11
1
145
28
83
147
530
8
49
9
4
18
31
192
266
51
23
105
184
55
12
4
145
2889
201
34
194
16
17
526
14
1914
215
357
6
2051
1617
12
17
8
16
531
271
158
36
687
18
467
289
16
98
6
360
1
78
388
43
13
2628
26
246
15
24
47
224
128
51
356
3081
148
5586
33
23
18
16
202
50
42
5378
4
248
143
148
52
140
439
287
60
102
2
220
5
94
18
4566
22
13
20
117
499
318
13
72
174
39
172
896
1259
17
69
15
2523
108
618
12
393
63
2
18
13
10
424
5
14
4
29
346
12394
11
3274
445
7
126
30
21
187
22
159
31
6
35
121
303
859
44
184
116
240
7
283
11
15
11
578
32
179
311
624
5
20
80
6
6
218
15
363
202
5
91
5
330
47
3
23
99
176
1054
195
33
122
336
272
285
157
561
150
222
3725
7
2945
176
44
589
1986
30
35
5
360
2
127
12
19
7171
3
342
201
9
6
12
4
184
28
638
1068
36
12
10
9
46
23
202
21
523
191
348
221
297
51
282
201
47
32
15
3
4601
806
52
28
57
4
117
18
7
1360
24
134
19
142
1
1563
2
16
3
84
14
2
6
30
475
197
2323
4
125
26
207
110
17
430
8
57
20
65
409
1
751
1
201
255
9
5
442
5
1
418
29
54
315
27
7
30
23
2519
26
34
108
4
30
18
6
342
187
12
12
37
10
17
271
48
104
991
171
21
10968
468
261
5
21
17
15
8
1390
87
9
60
34
3
38
48
3
36
198
45
9
7459
80
253
374
131
304
5
19
187
2760
1142
30
3162
60
22
45
135
112
262
3
220
152
49
9
73
103
168
8
40
36
47
13
263
190
245
1
2215
58
9
4
271
8
1
4130
544
185
160
6
103
48
34
19
26
19
13
28
8151
12
21
2968
9
34
2006
14
64
70
16
150
1674
29
7
74
17
61
15
114
40
20
251
9
6851
3
137
25
11
2
17
28
1958
24
9
35
44
299
99
1574
2319
2178
143
8
9337
283
39
11
177
22923
24
224
21
13
4089
92
561
23
172
16
8
10590
322
88
120
22
144
363
114
16
5111
190
59
1590
134
4
4330
46
12
42
84
126
3
36
367
120
11
994
5
15
22545
7
64
144
17
14
19
189
407
19
17
113
67
91
13
17
16
223
6
309
4151
5
13
6635
12
19741
51
4
220
850
73
75
1645
5009
37
74
12881
186
59
50
55
81
43
11
24
8
5
68
280
37
45
3240
4417
144
17
188
218
3
36
21
122
1
433
288
5
41
29
52
19
448
287
552
606
144
183
19
84
30
2353
1494
292
11
146
125
61
3
42
17
3206
374
399
17
52
29
54
8
30
208
41
356
232
358
67
54
84
20
2
258
14
19
36
15
6
7
8
7
138
4613
6492
108
403
569
165
6
143
14315
11
345
472
146
13
171
31
27
1
4
76
20
117
181
27
65
2143
27
218
161
47
153
159
18
67
1
31
63
2
3
17
130
8
1406
18
4
49
87
52
23
689
2049
5
69
460
365
764
52
16
53
9734
21
16
328
3370
4
431
236
110
8637
17
30
17
47
30
20
658
29
12
47
169
48
21
9869
90
226
56
195
142
306
18
286
273
5
45
170
35
9
57
34
1248
102
16
8431
26
341
357
37
196
231
11
188
1529
61
18
32
2516
966
135
83
363
131
36
4832
1461
1
190
187
4954
6727
7
193
9883
24
137
47
196
21
166
144
104
17
1630
51
27
249
673
19
19
7
10
3
234
49
54
161
213
361
12
580
411
2971
23
543
3570
15
27
507
180
8
16
37
73
1284
7
30
24
30
173
33
5
167
296
178
138
21
18
569
294
19
307
559
886
26
517
7
7627
74
225
190
6
4
8
5
7
8042
397
429
29
60
32
6
194
81
87
2022
193
8
53
2
26
24
192
102
13427
14
66
43
10
35
285
53
9
5
28
121
72
233
337
217
30
8
5
390
183
24
18
523
291
47
138
3
112
12
42
3339
6381
6
160
38
18
22
177
160
76
22
64
288
302
301
2
4533
8
10
3
35
17
20
4
216
58
1014
28
81
182
57
271
4
299
2614
52
304
11
249
127
2118
7
6
2
8
328
28
417
9
192
1500
6
14
385
299
301
18
91
167
54
80
3
40
3066
8
425
75
46
134
5
177
6112
2315
21577
209
316
184
216
5
155
95
30
26
49
10
1679
29
39
172
4757
74
299
184
39
222
17
28
105
20
22
42
4588
188
104
25
943
272
7
73
19
4
212
61
21
1185
8
539
1355
93
4
15
1
259
166
398
850
142
172
260
71
472
1
13
68
49
2188
5
271
36
6
7
51
479
108
35
134
137
117
272
328
391
4
265
114
236
21
280
201
136
39
13
96
27
92
24
26
6
263
29
55
107
6
979
16
70
203
234
3
295
272
1406
12
150
55
37
67
79
5354
47
36
71
48
29
5
10
35
15
106
165
405
49
34
23
8
6
200
11
6
502
20
163
192
69
30
18
10
342
21
3588
53
1
2
40
17
27
16
6
1789
671
206
227
111
32
176
353
231
959
18
6
10
227
40
35
2941
6
2738
275
71
67
14
1474
102
33
97
17
203
239
86
12
281
47
3083
167
45
6
55
2
22
110
253
40
183
186
265
7
174
42
36
204
184
31
115
194
44
185
18
55
2610
1065
402
12
287
276
20
12
24
23
18
9
49
11
189
52
56
104
35
3157
883
443
34
10
151
17
123
22
26
18
42
70
8861
611
22
12
3
5
721
34
22
5857
5
192
228
237
60
39
80
1
8
144
43
45
376
1
112
6
147
13
93
16
6
458
20
551
20
367
191
301
171
431
25
174
205
78
18
357
11
12
9
2
28
316
5
46
16
190
280
102
24
16
66
2301
107
27
466
2309
135
4
7
4
355
1
326
15
20
160
3652
3
6
42
583
37
799
11
10
15
236
39
1888
10
191
101
195
263
295
10
4
100
10
902
17
18
437
108
15
36
321
4469
428
231
225
100
66
120
3
21
95
23
18
286
99
286
108
300
2546
192
184
1
328
209
38
719
318
2
295
7
3
150
23
10
12
31
6
13
396
7
11
9
165
118
14
167
232
1092
27
178
186
27
268
21
20
87
15
48
14
37
88
160
259
14
43
8
32
15
82
545
81
18
3371
87
154
1007
37
416
196
174
40
20
217
199
9
6
239
123
16
45
8
25
1118
12
1467
9
19
32
127
138
469
184
6
107
225
2
9301
169
12
10
37
502
179
14
37
8615
402
4
19
8
6
181
15
164
777
133
3
47
239
88
160
247
39
207
317
15
41
17
22
46
3
193
159
118
158
187
237
201
25
196
60
8070
7
35
258
514
232
255
37
75
130
16
32
4
672
268
219
15
69
1084
12
70
11
20
23
14
1
48
5485
177
239
243
140
19
201
244
1190
9
2
44
17
3275
258
97
287
91
2626
35
34
75
645
29
1
1
176
123
8
5
36
331
305
5893
323
255
421
19
46
667
150
383
42
18
6
37
139
19
16
19
10
6
4
32
2373
6176
7
49
14
22
107
14
212
377
129
9699
38
106
863
68
27
5
71
3812
42
77
8
76
92
45
172
316
46
23
74
261
31
17
885
41
14
16
11
11
72
45
276
2
24
219
20
86
467
109
44
4
32
38
37
994
46
2768
230
153
8
55
476
148
11
12
72
107
16
1
2823
44
19
56
18
238
48
4
183
157
909
111
38
12
163
21
948
130
11
17
6
27
24
464
46
5
25
23
102
12
3582
12
165
2563
5
535
450
25
3
24
137
26
164
133
254
136
23
39
66
1317
629
4704
5
33
9
125
694
13
161
203
193
160
21
21
3
361
598
58
200
91
185
10
6644
193
8
92
326
278
131
3920
54
37
19
2264
156
12
3650
848
56
40
41
4
356
8
13
257
4
3359
15
28
180
479
437
217
4
197
851
32
10
18
310
11
218
28
151
19
9253
223
40
51
23
691
24
144
28
9
93
35
78
147
26
36
304
14
14
3
30
36
280
92
2298
18
37
12
3
1
11
16
17
68
14
1
3063
24
56
22
953
278
338
17
132
12
103
34
32
9
1
25
18
52
39
81
60
604
72
9
216
88
6642
7
11
117
9
26
410
2
245
41
712
6
174
123
45
66
32
26
21
308
12
207
8
158
33
1
24
25
277
630
187
59
214
920
41
22
20
9
180
151
6
39
160
324
339
192
227
482
29
173
6
29
626
41
44
23
2
7
35
21
414
27
21
39
265
104
195
1187
146
294
3530
6
484
35
45
39
6
274
6
734
549
5236
54
6
94
24
88
243
22
678
28
169
271
178
145
3412
349
3
156
95
8
11
11
1098
34
31
18
352
58
35
197
644
22
2
55
8
190
22
216
301
7
11
36
17
16
208
3
188
19
1959
89
810
13
38
316
225
3510
71
36
65
234
188
66
3
14
135
155
15
21
23
120
81
231
122
2
69
273
228
4383
12
8
6
566
64
252
14
8398
45
517
320
82
142
31
9
11
6
74
197
4
5
270
178
7
18
11
15
20
35
449
156
109
191
904
10
473
44
225
617
1
45
96
51
11
23
1629
168
28
23
19
977
172
778
165
73
78
2
17
2
91
18
9
25
673
14
2
50
52
29
319
3058
226
38
9891
4801
143
29
5
288
113
52
273
100
4075
11
86
7
120
125
19
1621
3
46
31
15
676
169
58
2
18
5
319
303
164
5
29
19
19
17
9
16
25
53
56
11
165
20
6
201
1893
105
17
31
57
87
498
20
140
133
6
238
371
42
30
22
18
1281
412
1066
4
33
41
28
1
2
7
28
163
941
9
156
82
136
64
18
167
264
138
39
47
1395
43
16
15
695
285
53
12
215
1891
216
9
60
199
248
390
201
52
179
272
254
14
15
18
19
20
3627
3
59
2
522
109
305
4
23
166
353
234
262
767
51
274
27
48
1511
347
19
41
113
115
29
35
9
221
225
115
161
16
955
327
36
55
48
17
31
20
29
1058
23
34
272
59
120
2
284
343
7
36
15
6
30
58
11
208
188
20
874
12
36
21
63
3285
123
3
126
14
13
5
4
5
80
6
1862
314
608
306
353
166
22
14
18
36
2
19
192
395
75
48
363
196
14
160
311
93
36
208
225
42
5
146
2770
7
54
9
12
118
552
18
315
51
47
441
120
8
5
266
386
111
149
28
13
22
3419
10
33
3643
321
1467
15
15
169
26
74
4531
20
246
35
2227
59
30
21
386
391
1512
222
273
5157
82
228
25
24
179
159
315
14
260
11
196
209
359
24
188
13
19
205
1409
315
22
32
34
213
51
13
562
24
19
15
27
111
17
15
191
223
4194
6
8
55
9
332
58
136
28
22
37
384
191
19
523
161
55
2
8
39
33
232
464
6
206
92
163
234
264
9544
472
50
18
2227
35
1
34
26
64
4507
12
331
2379
24
1373
2
14
245
20
72
189
27
114
213
47
211
3454
12
24
16
19
385
10
44
15
8
2375
4747
1
27
5
1176
57
31
26
15
156
26
13
64
250
19
17
19
2
25
27
32
12
26
10
25
1
22
4866
7
19
339
51
326
6
186
2929
42
186
313
16
61
7100
4187
730
36
20
29
75
4098
289
35
259
6082
5
16
196
14
14
3343
116
19
1815
18
22
1
24
27
18
292
13
169
16
139
50
61
72
446
185
12
17
10
184
38
1
222
138
56
325
49
166
1032
182
8
129
3163
13
130
50
26
10320
13
27
44
1149
1
41
1120
35
14
111
218
178
265
421
469
20
132
220
8
4
35
152
31
284
17
55
19
237
26
135
14
32
4
24
1
246
78
29
3
5
497
1798
135
17
4
238
6
6
12
12
4
17
92
16
184
23850
35
181
7
1532
12
18
30
340
3
5
14
37
29
57
1041
33
141
4
198
3837
586
9015
250
522
160
35
44
3
10
22
16
242
114
63
524
308
26
246
21
297
27
60
88
5
51
153
2298
2
25
21
4
39
193
81
12
237
238
241
277
18
621
11
326
21
328
204
767
13
78
396
206
23
9
14
10
213
11
14
169
186
3
123
269
9
158
17
196
220
91
63
2
36
300
689
10
89
116
2078
30
16
246
44
240
229
59
58
164
68
29
388
524
62
263
29
274
26
8
122
5
305
15
37
15
101
1131
40
2
28
27
84
27
218
137
51
70
2473
9
16
1732
568
7563
3423
17
28
401
31
19
1998
164
56
12
28
14
19
4206
265
325
1
4055
248
323
253
810
32
35
206
401
91
61
26
18647
36
17
63
63
382
488
3
12
36
8286
573
119
71
1080
53
240
17
251
19
154
60
234
20
35
357
4
355
240
11
540
42
76
33
18
205
35
805
36
11
238
357
8
228
1462
446
7
1695
270
598
9
17
13
12
4
15
343
398
8
43
374
184
253
389
362
16
25
164
83
11
4
689
131
9
103
66
24
21
92
256
381
109
50
2753
12510
3
278
8
72
225
16
686
383
279
13
34
44
8
37
302
25
49
21
47
28
205
232
192
6
9
26
417
159
22
13
49
30
106
20
7
391
1
14
7
5
289
216
4
193
12
4
3244
10
8
124
14
469
300
52
23
628
31
12
1
205
11
191
100
22
26
232
8150
26
250
11707
107
23
27
21
4013
723
76
240
77
3
10
191
14
94
226
15
160
10
17
40
16
1
51
281
88
7
178
45
2
147
166
22
16
227
7
271
7
26
6
17
64
130
175
6089
615
52
407
242
13
239
81
561
3
199
52
4
4767
24
8
14
33
727
47
10
17
6
129
10
6
191
3
63
9
1693
17
46
41
13
444
11
71
18
41
282
146
115
1074
75
2622
198
144
43
7
12
250
4
27
1286
115
43
28
29
461
27
3601
3
43
1
5
2
183
1
15
215
311
1901
157
18
6
17
36
3
172
24
7535
50
23
14
71
1
318
453
80
12
15422
13
187
75
281
9246
19
1
332
550
116
655
46
100
26
131
7057
21
244
51
11
35
255
50
207
43
13
53
6
11
85
209
691
117
3
36
38
80
33
978
6
228
183
140
3
400
15
12
7
8
18
11
27
8
262
248
195
5760
219
5646
22
196
41
22
9
242
32
6
17
24
30
243
309
49
293
5
298
5991
222
5
16964
62
29
3
19
6
15
20
34
979
12
55
22
524
241
10101
6
3
68
282
189
151
8324
281
29
6
28
41
255
576
265
390
1220
14
125
241
8
10
74
136
3150
17
13
11
7590
368
33
14
1
9
42
16
302
27
100
374
293
80
71
4
74
24
23
916
74
11
450
61
23
8
59
64
23
105
5
2943
12
9
240
269
511
2374
27
11
142
24
418
280
64
389
38
182
7
6
23
14
22
24
766
7868
419
349
515
264
12
96
100
18
153
320
31
18
19
41
815
19
17
10
30
6
25
29
462
309
2
7
2129
259
184
220
1032
8
102
258
846
16
421
188
283
150
7
4
659
15
24
38
60
41
319
47
21
32
5
18
246
32
1
1
124
12
16
23
180
131
35
3
10
24
90
2
29
817
3
189
355
243
289
171
346
15
41
44
394
52
12
105
482
50
561
41
39
9
220
3249
180
121
19
44
257
24
1453
22
180
21
37
21
180
39
111
430
3
35
633
69
186
17
66
31
286
383
239
45
90
6
204
3817
11
191
641
16
11
12
346
25
199
10
465
5488
2905
244
92
187
2
181
3
728
6
11
52
1
91
264
188
7
338
179
324
144
168
298
21
24
62
6
618
420
227
6
9
216
5431
529
4953
117
178
541
273
92
255
32
64
21
210
115
31
183
19
9
241
10
24
170
235
147
38
229
19
7
13
40
27
124
57
52
99
32
47
500
149
8
221
1
406
2125
9
8
98
1
28
2243
143
29
38
29
8
281
159
226
1695
19
315
1819
22457
229
269
191
53
7
6
12
37
16
67
4
19
30
10482
1855
39
38
22
261
166
445
1060
1618
1
51
12
11
201
44
20
107
76
15
8
36
2670
51
170
62
9
1
14
52
193
39
289
7120
5
2
23
417
14
11
286
244
4
9
36
5
13
53
34
7
407
4
1
556
3691
61
74
286
198
1301
1
131
6
2023
24
169
14
10
134
54
26
295
269
13
18
129
92
23
49
86
6
156
7
254
1547
24
636
21
30
55
213
9
265
231
420
2577
142
399
478
2692
216
127
132
39
16
20
64
7
298
20
46
24
73
224
7394
331
339
17
63
284
14
17
43
7
1
9
266
2
38
368
7
54
82
282
452
160
19
291
22
59
213
1289
8
6378
50
1066
414
335
13
44
27
91
9
85
162
119
13
2193
5
19
13
3
26
1045
111
1240
36
21
398
42
105
225
9
248
282
182
149
14
22
354
57
334
182
14
9
20
12
79
8
26
1
15
4
14
261
255
193
378
8
102
17
5
8
9982
371
18
7
113
81
171
375
491
158
91
21
120
295
73
63
17
104
26
205
149
5988
18
172
112
123
29
1810
32
14
30
47
12
8
22
6
290
143
25
96
62
20
786
25
37
17
15
257
9
293
66
803
258
19
212
17
1247
29
24
733
176
2
142
9
299
265
286
102
2
55
58
122
315
20
1306
292
179
95
26
37
480
1529
85
2199
240
4
54
37
11
11
7
47
12
43
6832
41
31
1152
6
1498
212
181
155
41
12
159
103
49
26
25
151
18
52
96
186
325
1
196
31
330
6
265
6011
210
277
378
12
146
27
18
7308
53
37
16
9
1013
5
125
43
27
5
37
26
479
188
30
9
9507
2
39
20
118
14
86
404
22
160
19
360
370
21
289
520
362
212
267
94
74
1698
6
4
28
32
258
505
180
365
5633
48
2339
1516
260
92
209
1030
454
632
29
317
352
28
3
271
109
8578
7
327
21
29
1833
4
18
14
36
39
1
2
312
76
320
48
259
5
224
2055
28
4
121
617
7
11
2
784
125
24
13
23
13
201
1
7
427
239
8300
173
147
89
21
860
24
53
171
7
38
34
18
15
5
32
56
21
291
287
339
255
109
234
15
6869
2802
2
414
20
35
95
108
75
363
1
6670
20
23199
312
3478
29
80
24
19
24
13
27
1
6176
192
355
375
91
31
680
4
132
236
137
818
14
22
14
831
596
772
63
64
282
13
49
33
20
64
13
34
27
7
73
1039
179
2603
26
20
9
350
20
60
29
444
349
7
10
12
76
21
14
270
25
193
20
37
15
8609
14
481
340
162
229
17
8
86
38
71
83
20
189
70
456
349
22
303
205
222
29
1
381
26
74
56
6
15
41
449
73
55
10
127
112
41
281
373
28
309
84
16
237
19
30
218
55
9593
28
8
6
529
20
201
24
100
224
123
16
19
25
258
11
297
828
310
25
32
292
24
38
65
12
1
7
40
368
411
15
6
194
48
2
282
109
14
53
235
138
13
71
5276
24
79
50
115
236
33
143
221
1291
7226
23
59
3707
175
152
225
489
115
51
126
2214
8121
21
13
345
7
19
59
284
220
17
171
193
218
11
198
97
2
279
211
15
81
122
76
13
35
15
350
18
310
213
36
74
1845
10
5
1138
301
11
110
266
419
261
376
289
39
35
3768
49
28
28
449
776
305
158
245
454
251
58
299
5489
235
11129
35
10
3605
279
17
5081
17
144
15
8
31
529
7989
5
141
322
269
314
213
610
31
46
29
38
300
11
2
21
15
75
57
16
282
12
40
88
57
89
221
360
211
123
244
54
14
2
43
21
8
8294
14
343
87
168
7
14
18
13
6
6659
182
35
403
641
10
254
244
309
18
281
34
14482
19
7
123
256
26
18
261
755
21
2583
24
10
1377
16
11
86
11
239
62
846
37
4
2
9
3
11
11521
582
225
22
383
4
227
57
533
283
2
4
218
13
21
21
17
13
5
261
32
258
9
172
236
52
292
29
17
19
2553
233
432
6594
3
523
39
9
230
20
10
11
382
323
283
117
210
683
283
245
8
4
7
140
20
329
13
84
25
2
174
399
2
156
32
99
2
11
8
19
34
348
502
4
5
611
3
290
372
235
312
267
32
55
38
151
31
203
161
243
18
3
24
20
115
24
3186
10
8
182
215
993
926
249
380
792
277
215
36
18
15
7
14
177
93
809
434
255
1355
13
6
263
7
3
97
12
35
2
191
14
63
20
26
574
173
3
30
458
2789
355
116
113
38
52
30
30
2
154
311
335
1656
101
25
194
19
4929
260
542
253
363
309
23
25
5469
146
275
34
20
27
31
32
259
314
17
18
25
33
145
54
19
32
248
17
16
377
260
200
1
817
94
19
5
3
14
34
60
42
214
2
193
14
490
11
1508
136
6
53
382
5
19
3344
221
135
183
745
3
137
20
25
11
23
215
58
40
256
477
12
56
37
179
229
60
27
4
92
2
34
314
168
43
583
50
22
295
13
458
162
17
36
3
77
8512
8
6
31
52
66
3
969
3018
1878
87
212
485
210
39
6
1
17
16
4
3
16
2689
3
295
191
445
4
258
291
15
41
16
36
26
46
284
8
17
38
360
323
427
2
147
4
17
18
1321
355
844
1972
207
398
250
31
13
4635
412
22
411
328
137
267
22
85
1070
14
23
17
5
13
23
10
19
388
24
5
79
8
11
99
148
24
534
561
328
428
34
515
110
5
9
1
34
12
7199
83
297
30
2029
337
153
3
18
5
27
307
13
340
51
360
11
26
848
13
28
326
2691
33
154
345
445
329
269
364
396
649
1
57
146
14
4582
1352
1
4171
2728
1
126
39
244
3
50
77
10
265
251
77
25
129
28
276
51
135
7
11
444
51
13
159
281
237
440
452
158
1399
529
164
193
51
390
133
123
319
151
8
1938
3028
8
13
266
27
6
284
367
183
281
3659
7153
11
124
23
18
292
52
1508
437
37
89
42
314
192
207
13
23
40
2127
26
65
307
191
11313
40
7
180
16
110
201
733
238
242
291
2
103
276
8
324
3
301
178
67
6
13
654
311
265
173
154
176
480
807
51
12
12
22
4
19
7
352
13
822
301
359
283
211
162
39
93
27
98
4
42
345
148
309
199
270
14
107
12
31
15
202
228
119
12
249
3
10
2
9601
1258
200
108
92
225
14
12
49
315
32
296
21
594
20
18
20
8
13
69
40
15
200
1355
432
30
138
250
297
6203
27
183
167
143
81
26
70
72
239
184
368
148
252
113
147
226
9599
14
494
4848
344
10
398
194
166
361
55
426
3901
244
10
649
11
320
389
149
17
28
611
45
308
8
481
26
23
1
11
24
15
527
26
158
8
298
177
13
410
21
636
36
81
172
84
225
10
186
523
44
313
195
47
103
5
66
7
117
480
545
993
468
19
359
271
58
235
17
288
192
58
595
253
235
37
198
47
12
501
57
23
13
42
90
184
3572
32
2
51
12
605
358
43
1
418
60
8
5
446
189
8
217
87
25
975
26
6855
257
364
389
285
1286
100
13
9
4
490
2
18
339
49
225
55
83
17
434
1
355
358
1275
13
6
11
154
3873
436
163
112
786
236
10
172
36
17
14
2
234
668
185
1066
221
6
6
14
222
21
195
219
14
403
61
15
28
6301
92
46
317
87
4
1561
76
31
23
270
32
38
30
14276
257
193
326
34
87
155
11
21
17
13
9
225
381
2111
1385
25
24
8215
555
10
368
466
2955
19
17
24
252
212
282
219
136
42
32
7
9419
11
402
61
438
40
851
236
164
12
197
190
23
79
223
8
155
11
269
47
9
962
262
80
499
784
246
9
18
298
86
36
303
231
91
34
199
289
35
7
387
7
225
257
43
223
372
150
70
99
374
41
20
5
49
200
46
150
44
30
26
196
267
10
158
49
2
234
9
268
89
709
58
6
186
106
236
265
54
64
1462
4
358
3
10
12
65
292
422
276
196
159
94
218
34
20
256
395
288
302
117
163
204
163
1764
60
33
28
137
136
191
31
283
52
208
149
98
40
164
99
190
26
5
356
116
402
33
11
227
206
170
36
220
20
99
193
32
56
274
198
19
237
317
11
37
232
2521
54
217
229
431
9
2192
8
6
442
363
386
327
472
318
211
43
258
458
10
422
231
269
2055
11
56
658
11
376
166
330
8
347
3
307
149
949
203
271
416
68
319
207
5166
30
273
