13527
1898
14534
3049
2370
11864
4361
4796
1949
13009
11740
10273
1219
1223
1220
1634
2563
11486
3873
2093
11546
3384
2302
1622
8894
7480
18658
12775
8890
4560
5596
2707
4658
3231
5969
16056
4488
6055
5632
3249
2080
19548
7518
7615
3742
1785
3920
7800
14126
11127
12451
3400
1851
10485
10998
15369
19062
2543
1990
2453
9555
16889
15588
12045
1666
2934
6045
12664
1487
2460
8943
2462
16801
10043
4652
7291
10913
4932
8707
12273
10042
10676
1851
6789
3707
6294
1982
15374
5665
10874
8493
2469
12655
4058
8877
6839
1242
1154
1151
2644
13713
14759
1320
14178
3027
6043
13226
13009
1792
5398
13004
8808
11275
15720
11271
10653
7590
11139
8694
1518
10905
12118
18035
14738
17193
13165
15856
2552
12898
5246
3142
16583
2153
2148
7139
19137
1533
10669
2366
4615
1425
2164
16472
8445
12447
8666
3602
2458
1361
2134
4170
8689
2513
1215
1219
3673
6679
1273
17673
8254
5684
4799
2711
6102
13203
3805
10536
