9
78
10
3
2
13
1
16
6
57
63
251
6
282
1
1
2039
70
1
9
5
15
16
1
7
16
1
28
90
8
57
7
1
2
1
26
13
9511
21
101
2
32
283
293
4
47
234
1
1
22
1
1
21
21
41
8
30
13
18
373
37
38
2158
1
6658
1
34
63
1
16
81
117
37
28
18
62
9
295
1
7
13
1
33
24
187
74
106
11
26
655
19
7
131
665
19
1
4575
71
28
4
4
66
230
1772
20
1
36
7
26
107
4
1
18
47
58
15
20
1
22
8
29
4
56
299
6
303
19
14
1
2
1
12
45
1
16
12
9
127
1
10
78
1
20
80
5
22
1
1
25
4
1
10
88
20
19
1
4
1
3
23
77
19
46
8
1
1
50
47
1
24
1
12024
49
1
3
9
16
35
1
6
9
49
42
1
64
12
1
63
19
62
22
1348
1
10
1
18
1
1
10
1
33
25
41
15
1
46
33
7
1
1
6
41
10
30
1
14
7
12
1
11
34
13
19
1076
1
4
640
735
682
11
12306
1
1
16
4
31
24
54
111
1
30
111
1
292
657
1
28
1
16
23
21
5
1
7
10957
1
9
12
36
15
97
57
1
26
55
28
9
181
52
13
14
285
127
37
10
1
10
14
36
61
32
19
44
7
38
49
679
20
767
30
7
1
1
1
1
53
1
57
1
1
1
63
12
22
7
202
84
17
1
189
1315
1
43
10
6
8
24
1
1
46
20
37
29
1
209
117
1
37
9
14
36
223
47
39
92
1
1
17
2767
14
1
3920
1
1
31
54
120
43
26
9
34
41
1
87
80
1
6
1
1
145
222
11
39
8
9806
9
17
1
3
18
1
8
37
115
3
17
32
115
83
1794
33
24
3
42
1
93
14
220
45
1
34
17
376
5919
1
19
13
6
119
15
35
18
24
6
56
69
199
28
1
14
429
1
3917
19
123
22
4637
43
33
20
26
2997
6
1
16
6
8
1
14
120
1950
39
26
16
36
11
21
1
11
2
407
1
1
7
39
38
31
17
28
34
1
1
8
180
28
31
7
4486
23
27
1
6
8
10
11
1
21
20
1
1
44
16
208
5
389
8
1
370
19
95
89
30
20
53
142
20
1
59
1
35
10
8
250
1
51
36
1
8
1
15
46
1
8
28
1
4
8
44
4
30
1
16
51
9
49
53
80
1
18
29
12
5418
1
12
27
12
50
30
8
248
7
25
27
27
14
126
44
406
4
21
53
101
10
4
3
25
1
7
1
1
22
20
392
1
13
8
1
1
792
5
245
4744
1
44
104
16
1
146
100
9
1
1
1162
4
20
1
4
30
12
930
1
1
3865
880
27
7
23
1
5
14
59
33
1
18
3
9
12
21
16
9
15
19
14
5095
271
18
27
1
29
1
16
46
9
1
1
11769
6
5
10
55
236
316
15
30
8874
110
1
13635
44
1
26
20
1
1
1
69
1
9
2019
1881
41
3
1
19
202
16
1048
71
342
1911
1
11
2
4142
67
7272
67
448
8
1
863
41
86
9
17
3
24
8
52
8
55
13
18
93
55
48
14
38
1
7
21
1
1
1
1
1
105
35
1
14
19
3302
1
19
52
47
126
76
186
149
40
1
2569
1
30
2
9
514
24
3
7
224
1
482
32
14
13
19
800
13
8
93
36
1
1
2
21
55
1
3
23
1
24
1
12
69
38
23
23
470
1
758
14
9
1
2
16
1
5
11647
1
23
1
33
27
12
1
11
341
2
6
109
1486
4
20
73
1
61
96
51
1
1
5
70
16
1
16
67
6
545
9
26
72
35
1
33
78
34
1
11
3
19
1523
44
1
3
41
28
9429
11
1
10
1
28
1505
21
14
18
67
107
52
1
18
41
30
11
51
2642
1
149
1324
1
88
28
1
1
20
6
18
1
16
1
83
19
32
17
1
6
49
41
10
952
12
100
41
38
17
1
43
7
12
3
19
12
17
33
17
22
1
1
49
9
63
2
13
668
78
41
42
1
30
4
1
4
33
2
9
1
21
37
60
10
1
53
1
1
2155
6
34
24
201
20
34
30
68
32
18
43
1
18
6
8
12
7
97
64
31
51
1
22
4646
24
57
890
20
1
46
95
16
28
49
14
1
11
18
8
19
1
49
55
7
41
1
16
1
19
7
6
10
21
5
614
23
132
52
399
1
9
1
36
27
37
7
28
13
1
57
6
37
36
48
1
39
184
137
34
7
24
58
129
14
29
1
82
5
1
30
47
1
30
1
9073
5
12
124
63
30
17
2313
1
42
1
25
1022
13349
33
22
50
115
7
2053
1
9
1
23
39
1
23
121
38
9
101
2
56
8
1
1357
13
34
5
26
255
55
39
6
13
79
9
13
9
19
16
35
3
2
11
25
5282
9
19
40
1
61
1
2
29
136
22
1
1
9
35
9
67
8
6
2
67
1
11
42
1
21
47
17
33
16
1
24
1
65
32
22
26
338
37
169
37
39
5
28
22
29
350
17
1
22
1514
17
16
13
21
1
32
3
1
1
40
1
27
73
41
29
37
18
1
18
38
1
89
10
54
9
1
54
3046
91
1
19
8628
29
10
835
1
87
6
7
1
37
11
13
28
422
22
21
11
1281
10
6
86
1
127
19
7
22
12
842
63
4
1
6
748
1
20
71
1
1
103
5030
110
58
360
1
21
27
19
1
1
353
7
39
7
42
37
13
8
10
5
74
1
24
13
69
64
7
14
1
176
31
18
12
4
1
68
7
1
612
1
136
14
107
7
32
1
39
12
1
142
769
156
3
33
19
36
19
1
12
1
1
842
21
20
13
21
4
1
31
80
1
31
358
9
22
1
100
6
1
196
39
74
8525
1
13
33
43
99
49
38
18
17
16
47
3
1
153
13
5
19
17
1
26
1
11
1
1
18
70
20
36
116
23
1
71
1
145
5
19
228
1
46
35
3
236
24
26
16
30
16
3
1
43
1
143
26
15
46
31
156
35
1
14
1
540
68
2
3
2693
27
19
7
1
8
7
38
1
1
1
5
22
14
62
1
30
3524
55
1905
48
1
1558
221
19
10
1
7
25
34
62
16
1
113
58
570
4774
146
23
32
1
37
19
32
747
181
5213
2
177
12
10
33
75
26
6
20
411
1746
37
641
1993
4
16
3
43
741
102
14
24
113
4
16
12
1
17
6382
42
28
13
7
6
1
43
17
15
1
253
162
78
182
1
43
26
1
16
1
15
46
1
1
4
94
101
1
43
26
1
11
19
47
12
62
78
8
61
1
28
4
12
1
96
159
1491
1
1
5
28
562
10
15
63
7
2422
1
45
32
11
1
19
1
71
16
210
1
1
1149
28
1
31
2
756
788
38
2
55
11
7
19
1
9
2
27
27
12
31
80
6
1
5
19
29
17
12
14
14
6
1
23
2184
24
1
59
26
695
1
16
32
29
26
14
25
18
5
116
1
1
41
228
14
1
74
1
15
4176
5280
34
49
16
111
10
1
7
62
26
1
1
116
41
20
65
77
6
6
59
16
25
5
19
1
1
41
296
11
6
11
11
13
161
2706
133
23
12
1
1
11
29
1
3
1
8
1
1
12
2233
7
1
16
1
48
68
7
1
61
7
78
75
22
1
538
1
62
1
89
1
7
18
32
1
36
25954
5003
1
13
20
1
3356
13
25
23
154
34
25
21
16
19
248
8
19
22
350
5
2
1
27
16
25
1
123
15
1832
95
107
18
1
85
4
1
57
1
3
48
150
5551
113
3672
43
3
147
18
1
1
18
47
13
1047
10
1
16
4013
16
6
30
11
463
1
1
1301
380
10
5
17
1
7
17
3
10
11
1
1
23
24
34
1
2970
28
17
3
23
4
17
12
1
1
17
1
1
30
45
23
30
105
14
12
20
8
20
9
28
1008
20
93
22
9
63
112
1
32
29
27
72
64
91
20
14
1
1
14
12
191
23
20
1
74
22
27
1
1
2730
19
53
1
17
1
1
1
7
8
13
69
12
1
8
123
30
4
1
8
72
31
9
3
143
1
19
1
2
238
14
29
6
1
1
20
1
1
17
21
16
1
627
3
41
1
27
71
89
1
1
328
1
49
4
41
20
4
4
1
24
692
9
1
1
17
93
70
5
10
33
34
1
8
31
1179
31
17
1
15
1
268
13
87
1
15
14
1
17
9
39
97
25
1
1
16
22
3
51
74
17
23
2
36
1
1
10
323
3406
19
1
30
909
3
8
101
702
11
28
1
219
940
579
1
45
5
42
1
137
11
1
274
1
1
976
4144
24
7
88
23
58
3
51
12
1
1
8
40
38
49
22
19
16
211
41
1326
1
172
5
34
1
1658
34
1
16
1
29
35
62
18
1
1
20
13
18
13
1
35
1
1
122
35
32
2942
1
14
19
7
449
32
1
33
1
240
1
42
35
12
147
65
7
13
5
19
7
1
36
65
9
51
43
1
201
40
931
1
3
42
126
1
1
102
3
1
41
13
29
416
9
39
7
98
11
1
33
7
1
11
38
198
745
98
2729
9
9
45
9
67
12
50
13
39
115
48
1
25
232
8
35
1
23
99
33
15
24
21
78
1
166
40
12
24
10949
3
1
11
12
13
1
16
3
55
19
1
23
38
8
10900
106
1
4
1
1
59
41
17
363
1
22
122
35
51
18
1
17
17
9
3
19
1961
1
59
1
9
1
12
53
74
137
294
189
1
62
90
21
1
25
8
29
1885
1
22
24
6
10
14
1
26
2
1
1
8
30
22
132
514
37
10
414
1686
26
1
5
26
31
17
31
66
4
28
20
1
3
51
1
59
1
36
45
4521
47
1
10226
11
378
41
76
1
1
8
3307
2
1
19
1
236
19
59
82
1
29
1
151
9349
14
1
113
27
12
8
14
488
150
15
14
31
637
28
10
1
57
90
34
7
4301
9
39
1
205
1
118
1
81
116
3522
2328
4
4
39
20
5
1
24
505
11
24
1
1
109
235
4237
14
1
5
1
278
18
41
10
1
15
489
2
1
1
23
18
1
1
65
1202
11
38
1
101
27
1
1
1
1
122
37
119
197
12
1
477
2959
7
51
1
88
36
140
21
3660
1
1
14
123
14
91
25
1
1
159
185
24
21
10
1
17
48
1873
10
33
22
1
17
6
1
175
25
1
10
128
28
1
17
30
1
78
1
1607
13
5128
1
11
19
11
29
14858
24
1
233
10
69
53
31
142
69
23
3
1
7
120
19
1
11
6
64
52
5
1
1
760
1
40
11
1691
14
1
2
105
13772
17
15
19
37
30
867
23
27
8810
27
18
17
8
37
55
59
2
10
40
12
55
4
7
31
143
66
27
20
1
37
7
18
64
21
8
1
60
44
1
1
35
3
13
18
19
1
34
51
37
58
19
1
3
31
1893
44
9
9
16
16
1
1
22
11889
108
22
6
17
21
1106
1
17
47
15
1
10853
9
69
78
53
55
36
1
62
12
33
95
10
1
24916
43
161
127
22
1644
79
1
35
186
5
14
1
108
11
1
10
26
1
6
32
134
31
1
10908
1
20
196
791
13
65
12
10
13
1
1
23
2
49
22
4
46
12
134
175
24
15
20
1
2
10
1
4
1
6
22
29
46
37
21
246
73
6
76
24
13
4
66
3
11
24
1
1
16
78
20
79
6
9
8
95
7220
2633
17
1
29
1
1984
5
54
18
26
22
596
23
1
51
1488
17
51
1
1
6
10
9
666
2618
13
17902
1
10274
20
30
15
39
2793
8
1
11
1
149
12
17
1
1
1
112
1
154
100
1
28
18
27
306
58
36
6
14
3
37
42
68
217
187
1
1
21
11
1
17
1
849
25
42
27
9
6960
42
45
1
5
38
97
1867
151
53
9
1917
2826
12
1
1
29
176
20
1
1
40
1
3301
11
1
17
9694
33
1553
1
860
66
1
62
30
90
1
20
1
17
190
48
42
15
29
9
35
8
18
18
3
425
1
33
42
17
35
13
1453
30
1
40
73
4
15
1
15
24
152
6
1061
13
33
14564
3
25
19
16
16
15
64
18
32
10
4
17
55
7
2218
9
1
1
1
20
10
1
20
71
20
1262
2069
27
4787
1
7
241
5113
18
8
1
13
1
49
50
20
4
47
382
14
1
31
8675
21
35
23
6
71
29
3
55
1
1
15
123
8
101
18
142
8
7
4671
1
603
34
6311
73
1
30
1
165
19
7
10
12131
44
1816
41
1
5
8
5
2917
357
2384
31
44
7
7
1
18
17
1
13
43
24
11
54
15
20
129
13
21
10
13
28
19
5
35
37
3
2376
12
41
7
170
1601
1
48
1308
12
35
91
178
10
1
1
20
35
121
37
24
27
49
4968
69
129
27
95
20
34
14
9
63
1
8
40
35
4
1
13
1
32
14
9
21
177
7
8
21
18
1
17
57
79
19098
25
22
1767
10
56
42
18
37
1276
1
6
1
13
1
12
22
16
1
26
6
118
5
6857
243
11
1
1
1
136
1
10636
28
28
16
7
33
122
1
3
34
83
50
1
28
2
382
11
30
1
69
34
16
238
14
11
1
1
10
7
13
18
2235
14
95
41
1
14
1
27
30
744
11
1
1
37
3
1
10
55
1
1
14
11
8
4628
1
52
1
43
1
98
320
1
13
14
47
176
2588
62
83
27
14
61
30
41
111
16
1
15
1
18
1
1
1
1
1
13
24
404
31
186
8
1
16
53
26
1
64
69
10
8348
1
12
8
31
6
23
3412
4
41
14
30
22
1
39
5
1
12
23
4266
94
7
7
16
79
69
23
37
47
1
44
1
1
39
14
19
48
15
24
10057
1
1
1
4
15
1
5
1
44
19
19
86
9
1
7
18
1
20
6
8
10
13
27
37
42
1
4
1
1025
31
9
329
1
1
30
120
1
1
48
53
1
7811
54
305
7
24
17
454
19967
1
31
17
26
1
7
1
52
1086
6
25
1
64
1
1
1
11
12
11
1
85
708
6
28
8
50
3
4
23
84
1
4
30
32
6
32
7
271
92
1
14
121
5
4
90
1
48
1
2
152
11
4
1
17
29
76
111
14
38
1
1
12164
1
11
19
125
6
31
189
29
23
4904
12
28
10
16
538
1
7
15
14
26
26
30
14
1
1
106
108
416
251
12
28
59
85
9
1
411
1
24
21
18
1
1
17
57
9
162
1
11
1
222
76
11
1
62
189
15419
84
12
54
121
1
1
15
6
5
5
382
10
33
46
1
49
8
72
4
14
17
1
23
3
32
1
8
1
1
46
24
3
51
19
117
1
17
35
15
12
29
49
5
1
46
1
204
1
2
25
526
13
16
1
7
12
1
39
1
13247
1
112
1
1
14
5
1
3
20
15
23
59
2347
40
27
3912
4
4
1
66
6
167
15
1
1
1
1
25
13
32
27
17
1
1
13
14
32
3664
241
1
29
156
52
56
34
19
18
12
80
33
21
17
186
17
513
28
38
61
73
46
1252
8
1
1
1
247
53
1
1
8
104
21
1
140
1
47
11
89
1
2929
43
37
37
42
114
1
1
1
26
1513
1
44
15
1
6
83
16
1
1
5
11
26
14
56
1
1
1
108
17
1
1
4
12
45
32
49
1
1
66
36
461
19
1
1
13
1
1
2
1
21
1
19
40
1
2
2
184
9302
8
15
2
57
18
16
1
50
25
33
38
17
127
1
154
1
1
1
22
2
24
66
26
29
1
64
14
15
20
16
21
11
61
22
21
269
1
54
18
368
11
31
1
25
60
1
1
40
23
24
20
41
64
76
2085
6
16
7
6
21
19
54
9
20
1060
1
11
55
1
15
27
62
88
11
45
11
27
6
5
39
1
21
32
113
1
8
71
1
1
30
340
28
26
1
30
1
24
2019
29
1
448
99
31
447
31
1
2
95
1
7
4
1
23
67
17
54
398
49
6
2
1
2
53
1
26
1
993
1
1
17
17
34
11
1
39
42
214
13
88
13
62
1
141
18
9
25
71
20
63
7
39
17
1
29
27
11
94
356
9
3
21
27
1
110
118
411
6
24
96
15
9
1
31
44
641
71
1
92
1
1
1
2
460
56
1
6
31
7
20
1
2
1
1
14
13
1
14
123
1
45
34
43
29
12
19
16
20
395
1
4557
11
56
40
1
36
12
113
1
12
6
71
17
74
191
347
130
1
1
1
17
1
444
1
1697
1
1
18
24
30
24
12
10
1
5
10
93
4100
1
1
60
18
238
1
1
1
25
56
91
79
50
108
10
26
1
14
395
15
4324
55
17
59
21
12
47
1
14
1
12
4
14
3
414
90
935
18
1
457
1
22
39
1
1
1
9
7
7
179
966
61
1
18
1
1
432
6
12
13
1
8
1
58
44
23
17
56
29
1394
4
298
127
22
5
8
4
81
1
21
10
925
1
36
19
44
1
35
9
33
35
13
1
1
28
23
30
18
6
42
1
1
1
114
8
1
387
86
12
1
21
56
1
147
9
807
12
3
30
38
40
41
69
20
1
60
182
1
24
1
4683
19
1
5
16
43
9739
91
1
12
15
7
1
4
24
39
19
52
6
1
51
1
64
2
13
20
30
68
15
28
1
34
5
1
1
10
9
1
104
24
14
7901
43
620
1
22
10
255
1
39
6
11
37
47
3768
62
50
21
9
20
36
111
28
301
48
12
15
11
24
3
14
1
56
2327
58
1
1
109
7
2280
3
48
1
1
3
23
10959
175
52
11
62
26
29
26
38
2
11
4
1
1
6
62
1
42
480
140
1
7
11
486
19
4
1
3540
1
6
23
1
3522
919
40
20
1
1
31
427
31
283
16
1
136
1
1
1
678
1
36
1
35
1
42
26
37
23
2
37
1
14
277
85
16
18
56
77
1
27
31
9
37
14
36
345
1
5399
8670
54
14
41
28
1
5
10
89
39
10
1
1
4012
35
12
130
43
1
1
20
76
43
90
13
6
40
21
40
1
1
51
44
25
46
1
51
27
2
19
126
56
1
9936
1
70
181
13
21
26
158
24
28
34
5
13
1
11
10
6
20
97
7
7
1
44
21
72
61
33
15
1
355
17
436
8
5
3
11
11
39
228
14
69
270
23
313
24
15638
1
1
16
15
22
29
239
10
25
3
9
114
170
34
15
13
47
12
6
28
46
9
75
1
1
37
1
59
1
57
242
1
4
5
49
39
20
219
175
14
32
1
1
1
11
29
1
361
5563
1
4409
1
13
1
153
1
27
24
63
14
1
31
9
27
1
11
55
1
609
19
20
15
1
1
17
1
11
2
1
87
21
50
8
254
1
11
1
29
135
1
19
27
25
21
12
4
92
617
12324
62
1
60
547
1
137
86
19
1
5
2
10
24
170
41
3
59
21
13
27
3
17
1
1
1
1
1
11
211
1
1
33
64
1170
9
1
1
23
3
1
1
24
332
52
11
12
20
90
30
6
112
1
11
54
40
1
1
31
2
1
15
6
5
69
68
1
1
171
11
2283
27
18
41
7
1
30
36
10162
1020
3168
1
1
11
1
23
1
12
23
50
1
20
10
18
66
828
20
2
490
1
172
1
22
28
500
13
11
294
1
1
21
18
42
68
1
1
51
42
11
7
22
1
3863
12
4283
1
196
12
1
5
227
98
1
18
5
22
6
1
20058
55
1
43
10
590
29
1
26
1
539
86
1
2776
1
1
48
24
57
6
1538
5308
47
1
33
26
1
1
39
11
70
1
1
3
16
312
7199
1
69
48
123
1
3051
20
1
26
19
56
60
8296
91
14
66
19
9
1
4
1
50
58
60
33
374
39
5
1
19
8
274
6
23
108
19
28
12
31
20
5
125
10
1
9
3294
21
34
48
1
1
87
23
14
8
6
29
1
31
1
14
13
1
1
127
117
17
23
15
50
1
65
148
6
1
81
1
42
1
15
4
8108
6
12
1
10
47
2
21
1
15
707
223
1
53
8
114
5
1
3
19
8
1
3
2
3
46
2
25
13
58
22
1
8
18
6
87
282
1
26
40
1
519
85
112
27
210
6
37
10
1
46
12
3421
1
24
3
23
2
16
39
16
1
76
19
14
1
26
3921
14
61
71
12
33
14
17
2180
79
4
1
1
18
49
30
19
45
1
14
1245
1
34
41
1
1
668
17
10
29
1
24
51
47
463
132
22
1
11
44
17
7
30
49
1
40
19
30
11
2
8
143
1
14
1
3
361
8
11
6
5
46
13
1
22
23
20
1
1
8
36
131
8188
59
239
457
79
4707
1
1
88
39
21
26
425
13
2352
37
24
1
1
35
18
1
5
5
15
3
42
1
742
14
1
13
60
717
22
803
955
1
1
9
1
17
33
163
11
5
7
1
54
217
21
1
2
1
11
22
7760
51
5
4
5
18
86
4
79
49
61
39
49
1
307
9
79
14
9
544
224
1
101
19
2
1
447
51
1
42
1
47
19
37
1
1
12
5
23
121
14
1
19
10
3
17
1
17
26
33
38
18
8
14
32
11
1
21
810
284
68
2653
15
20
17
50
2440
16
132
4
356
3
22
1
71
1
1170
1
5
23
168
32
1
22
13
1
1
1
5
6
1
11
23
17
1
66
68
81
12
33
24
6
21
11
1
19
12
26
9
5
60
154
1
1
11
1
1
37
22
14
12
30
12172
1
1
13686
1
34
1
5
27
1
1
10
107
1
18
65
1
32
61
11
3
63
379
49
19
1
181
4
138
113
1
4
362
202
17
1
51
15
121
37
131
1
11
80
18
10
80
6
1
177
1393
19
1
283
5
11
54
79
551
1540
9
1
61
46
16
12
10207
11006
34
144
8190
8
1
1
1590
17
3
9
261
40
13
78
4
26
91
73
615
1
67
37
108
1
27
1
20
88
27
10
666
28
2
7
34
471
379
94
1
11
2
1
3965
141
20
6
34
11
39
201
74
3
13
16
4
12
26
12
18
1
1
1
35
12
28
14
1
78
69
331
20
31
8
338
12962
13
13
1
41
1
1
1
30
47
1
1
105
1125
38
20
1
1237
1
23
37
65
16
1
1
15
16
165
87
1
18
1
750
5
1
36
16
19
25
17
1
26
8
391
3898
9
15
142
98
1
387
25
1
4566
31
255
61
18
1
15
1
1
5873
1
1
12
1
9
17
1
22
1
88
7
4
136
3228
35
2869
22
7
43
1
1
81
1
17
52
77
47
84
10
56
34
56
1
24
1
48
6
9
1
105
24
1
17
26
27
1
126
35
3
3
1
6
877
4
56
7182
9
17
12
1
21
1
4369
1
29
66
6888
1
73
62
1
2
17
41
1
11
23
10
1
342
6
39
1
10
1
12
70
11
1
27
40
1683
12
1
48
37
1
41
23
1
6
26
29
12
12
403
7
79
1
33
1
21
1936
22
11
1
5010
8
4438
8
2
15
14
318
48
4
4
7
41
47
6381
130
1
3496
99
1
175
1
8
50
4
1
22
8787
20
1
1
1
1
12
1
22
35
1
6
31
21
7
1
13
44
47
12
1
52
8
107
4264
1386
20
1
33
7
1
19
371
37
1
859
14382
198
20
36
20
16
7
3
18
10
11
33
81
19
14
1
1
1
195
20
8
23
1
24
28
21
21
74
1
56
16
18
21
1
1
5
6
22
9
23
1
32
46
1
15
77
106
8
29
66
126
91
73
22
44
22
156
22
1
76
1
171
13
1
24
1
1
17
37
1
10
13
18
1
39
46
106
7
811
34
9
1
1
25
41
1463
1
1
24
64
14
32
21
36
13
21
30
1
41
32
12290
138
1
43
28
135
241
5
11
1
1
20
182
271
30
13
45
19
13
25
1
98
1
33
3
81
5
1
37
15
11
14
1
1
1
65
9
76
19
5
44
26
14
7705
22
28
1
102
16
18
1
22
1
1
1
9
65
37
505
113
25
1
350
52
50
40
1
70
20
29
9
6
26
6
265
107
7
102
1
1
26
7
68
1
85
51
23
1
24
28
187
19
1
50
43
41
15
1
334
1
12
35
1
368
103
94
11
2
45
1
33
1
1
22
51
2
1
4
27
5
1
34
270
26
7
1
7
22
1
1
1
16
6616
38
23
5
2901
1
42
6
13
40
2
6
48
76
15
28
24
15
1
1
23
91
37
49
13
6
12
400
53
15
71
13
9
3
1
12
4080
8
183
20
1
1
87
8
11
63
22
23
1
4
133
38
59
12
12
19
11
32
11
51
1
32
1
33
17
3
69
19
12
45
12
36
10
72
2
11
1
24
83
1
1
1
44
55
9
20
15
1
61
105
346
1
42
1
2
93
69
5380
27
14
18
1721
129
131
7
18
9
1
1
8
43
52
1
11
1
13
6
36
28
85
19
15
66
22
1
1
49
68
73
23
635
83
86
1
31
1
16
76
16
170
1
38
31
1
256
3589
1
753
1
24
19
19
1
71
1297
1432
49
39
3
8
1
2
852
624
19
24
164
28
18
8
17
45
23
9238
12
8
48
10
1210
17
1
14
1
141
58
313
29
11
47
592
64
102
82
111
33
21
62
6
387
1
48
977
1
14
28
26
14
7
38
48
3
1750
302
66
7
46
10
15
23
7
97
67
1
4
2526
25
165
65
10
76
23
2
3
26
28
1
1
1
32
8
13
22
45
11
20
94
43
28
290
27
10
835
32
1
13
1869
50
55
1
17
1
7
18
15
11
41
1
1
29
11
21
992
1
45
6
1
10
9
36
44
2314
1
1042
6
1
291
33
47
164
100
42
73
6
1
35
1
44
1
2
1
15
16
19
630
1
314
1
10
873
29
87
6
14
5
4
43
3
161
11
12
14
13
13
19
15
1
5
1
125
1
8
49
57
1
1
12
1
88
3
53
23
40
13
2955
168
43
210
33
1
484
12
270
28
59
7441
84
207
428
11
274
157
18
1065
32
392
962
10
192
1
1
1
27
22
1
212
24
1
1
31
43
1
11
109
2982
1966
104
1
77
1656
162
21
917
4279
7
102
10
92
1
7
18
5
1
54
13
16
4
12
67
1196
112
6
1
55
28
72
10885
5
4
1
3145
902
11
14457
14
16
461
148
25
1
13
1694
1
156
7
1
4699
10
1
2086
1
39
23
743
60
108
22
2
36
1
1
61
217
31
32
30
284
285
187
1
1
6
145
4
1
15
11
1
3
32
56
1
11
10
13
28
1
213
1
3
14
18
297
14
11
1
36
2
1
1
1
301
598
40
1
11
2
10
2
1
1
10
20
26
118
21
17
1
7
11
14
1
1
20
14
6
17
74
17
12
810
1
43
416
23
1
37
20
7
518
23
50
1
364
12
36
596
11
19
8
40
1
32
9
3747
9
1
1
20
17
5
70
1111
1
6
32
1
121
42
1
72
6
1
1
2
647
4
1
14
38
1
1
19
51
393
1
18
253
18
72
13
179
1
1
419
95
9
115
16
15386
48
50
250
62
13
146
24
123
133
27
1
1
144
1224
7
1
3
20
1
15
417
1
1
1
199
6
156
11
16
119
58
11
1
1
2
1
6
82
16
12
19
14
9
1108
30
63
1
1
1
47
1
4
1
1760
1
19
3430
10
66
21
20
3
3
168
7
1742
20
1
793
7
142
17
141
6
16
18
5
1
16
1
117
38
1
29
1
32
1
277
1096
1100
56
11
5
49
52
37
1
11
6
10
13
2
155
48
1
1
11
25
4
98
1
1
14
14
139
320
2190
1375
1
8
34
1
27
35
1
60
11
92
26
17
8
14
93
130
39
21
27
38
1
34
18
36
60
107
17
2735
6
13
21
706
21
1
13
78
234
40
74
41
78
1
2311
3592
1
1
1
36
3
42
2
6
6
1
17
44
6
1
7
7
57
1604
22
45
94
34
61
65
128
1
27
87
18
22
15
25
17
1
15
42
68
120
362
1804
1
14
14
12
1127
30
56
7
18
1
71
10
1
32
10
87
7
1160
39
112
1
17
6
18
21
28
33
42
85
86
4
1
241
17
1
1
17
1354
41
1
8
133
1
18
125
1
8
28
67
10
1
190
9
20
21
5
77
4
8
1
20
3
23
8
21
32
23
28
78
132
51
113
1
1
23
3617
36
103
10
4
57
498
6
34
12
1
9
27
1
20
1
712
138
2
34
7
1
150
1
1
1
13
31
12
60
1
1
28
13
40
26
11
1
6
1
371
17
70
27
1
16
11
3
18
48
1
97
2209
38
172
341
10
7
1
36
116
26
14
20
1
9
21
9
20
21
30
60
20
138
16
69
118
44
81
17705
30
6
25
9
66
10
44
119
9
16
2238
1
1
13
166
19
22
46
44
783
10
53
18
1
34
13
7
1
37
12
32
1
3
13
1
22
7
13
18
4
1
34
24
990
14
121
2
12
1286
14
9
50
7
85
1
64
169
4
21
31
9
1
33
6
192
6
50
154
40
31
21
1
32
1
1
1
71
1
39
63
1
13
20
12
46
18
58
29
37
1
8
145
10
897
1
1
24
1226
89
23
13
37
11
84
1
158
1
7
16
39
1
32
12
143
30
12
16
1
20
17
6
9
11
2
174
84
15
1
55
57
4
143
21
3
15
24
92
25
2691
1
33
15
1
1
1
1
1
33
28
42
8
10
1310
24
52
36
4537
1
6790
18
13
1
124
70
4
93
1
9
1
2
1
56
177
8
1
8
71
128
7
1
4
5
4
29
1
1
28
18
1173
15
25
13
46
15
95
19
92
34
90
119
13
9
1
19
28
36
14
133
15
1
22
32
13
17
3
1
1190
100
5
20
257
1
49
33
5
43
22
4
1
18
37
13444
33
30
35
1
24
61
1
1
30
14
1
4
1
8
90
1
17
49
1
33
265
50
39
2
1
1
58
116
1
12
171
22
9
18
53
9
1
1
25
4
7
21
16
1
7
10
18
5
18
1
25
68
253
10
11
43
1
21
100
1
1
19
1
35
11
1
31
12
27
1
18
32
10
4
1
10
23
32
1
1
1
470
21
37
44
13
11
1
1837
14
1
21
39
31
7
6
4
61
18
24
22
1
366
28
7
15
1
1963
19
59
1
50
56
38
193
1
24
3
1
1
23
2
22
1
1171
209
1397
19
12
85
111
33
29
3
7
14
5025
9
1855
47
114
75
22
21
13
15
139
1
51
1
6233
33
91
5368
16
1
157
96
30
1
1
95
958
1
24
64
239
17
1
26
1
1
90
3
17
37
28
12
23
14
24
118
1
14
4
2
39
1
9
1643
1
168
76
6750
58
42
43
19
916
2626
6
16
1
14
16
17
1976
9
24
1
1486
17
1
52
30
11
48
7
1
74
1
55
468
18
201
10
3
30
47
33
4
1
7
189
8
1
190
2
2
141
7
1
1
1
19
9
21
1
114
85
1
1
58
23
10
501
13
20
8
1539
13
19
104
1
464
43
13
18
75
1
96
1
14
1
116
60
12
6
30
31
1018
2945
1
3612
22
21
112
4
48
1
19
13
6
54
1
1
45
1
14
10
60
26
1
79
15
1
1
46
1
133
1
15
62
8
6
1
1
9
8
16
26
25
14
28
1
11
5
14
1
143
5
478
1
1
44
16
1
2
1
10
1
1
17
105
3393
41
29
58
11
638
3
4
29
26
29
10
13
13
16
26
14
14
14
19
21
3721
33
14
1
1
7
19
59
1
14
1
7
485
1
357
135
5
1
84
57
12
11
8
27
244
48
22
33
49
1
196
19
40
11
1
1
6
1
1
44
1
3910
66
8
1
10
7
1
164
1
70
14
32
24
5
1
4
46
25
1
275
9518
8
49
950
17
1887
69
1
18
1
1
728
850
11119
52
2
1
1
44
10
34
2937
54
1
7
1
110
5
4549
8
43
9
12
7
25
375
28
79
1
480
52
1
39
240
55
1
249
8
19
273
44
8
10
45
29
3
18
2064
1879
1
24
11
47
9
406
20
20
1
44
18
1
10
7665
1
5
46
18
19
22
9
6
37
1
1
1
1
4
4
10
17
1
12
8
1940
40
61
23
13
1
194
12
5
13
1
100
393
10
150
75
42
28
5
13
1
29
1
1
25
1
42
19
435
346
107
5
230
413
28
141
296
19
1
1
119
19
9
33
1
26
1
177
30
4290
7
32
1
28
13
570
8
8
20
1
124
1
42
4
159
434
23
2
10
63
10
10
1491
30
8
122
15
19
21
1
6142
23
1
48
1
23
411
1
1
1
1
33
102
17
27
13
17
11
7
1
14
1
16
12
12
1
4
1
9
24
1
81
1
23
16
6
21
30
14
7
8
12
113
49
29
44
36
35
19
1
30
1
14
14
47
240
42
4
692
37
1
2091
1
45
21
26
60
18
7
11
23
1
46
383
330
14
29
77
1
1
49
12
1
9266
187
1
14751
18987
5
92
1386
20
24
15
566
259
9019
49
52
25
8
62
15
6985
79
29
14
3241
57
1
63
28
32
1
12
27
32
30
43
3
1
35
51
29
16
1
7
6
1
10
10
1
20
22
5052
342
1
1
40
1
94
1
4
2
1
18
1
78
112
17
29
7
15
43
3210
1853
290
20
1
252
81
18
1
49
8
41
69
18
456
57
5
6
17
27
5
17
4
13
8
35
18
27
25
31
39
6
1
20
29
1
29
11
31
145
115
3
12
26
29
7
58
102
845
72
21
1
1
24
198
1
122
12976
188
1
892
418
1
21436
23
1
105
9
1
3
21
6
29
5413
46
155
1512
25
51
141
41
20
1
22
115
105
407
29
80
2090
1
5
1
232
19
77
1
2
1
5
15
4
7
824
13
563
6
5
1
1
18
5
61
3720
58
6
100
19
20
1
113
498
1
14
18
1
1
85
48
4
9
7
3
13
25
4
19
34
1214
5505
35
1
51
18
1
1
7
33
18
1
20
1
5305
1
1
87
35
4
16
19
1
1
248
23
1
1
8
136
42
17
25
4
1
224
107
19
4
1
8
1
2721
1
2
7
8
144
2
149
1
39
98
413
69
3
1270
13
59
1419
11
249
127
22
5
61
13
33
218
18
90
91
1
9
8
3103
29
19
1
1
4
15
1
1
1
3
50
14
311
1
508
12
1
16
1
16
7
116
461
10
1
1
38
1
37
45
38
68
10
42
412
9
48
72
15
34
6903
393
9
1
37
10
18
61
156
1
57
28
51
23
26
1
1068
14
9
793
3
1062
12
5
14
13
334
3
535
21
1
2
6
51
1
179
1
127
204
18
173
6055
4755
93
5
15
61
1
12
53
33
15
3
51
8
1
26
23
215
9
71
1
13
85
50
26
1
48
4
385
15
9
6
31
46
1
27
1
22
20
1
97
384
346
1
16
1
20
2202
353
1
4
3
17
50
36
61
640
1
1
1
2669
45
14
21
210
7
1
36
1
1
7
50
4678
2
12
6
3
32
15
37
200
1
18
