1000
1000
1000
1001
1001
1002
1005
1006
1007
1009
1011
1013
1015
1016
1017
1018
1021
1021
1022
1022
1023
1024
1025
1026
1028
1030
1030
1035
1041
1042
1043
1044
1046
1047
1048
1049
1050
1050
1051
1052
1053
1053
1056
1058
1058
1063
1065
1065
1066
1068
1068
1069
1069
1073
1074
1075
1075
1075
1076
1076
1077
1078
1078
1079
1081
1081
1082
1085
1086
1087
1087
1090
1090
1091
1092
1094
1096
1096
1101
1101
1101
1103
1104
1105
1108
1109
1110
1110
1110
1112
1112
1112
1115
1115
1116
1116
1117
1117
1118
1120
1121
1122
1128
1128
1129
1131
1131
1134
1134
1135
1136
1136
1137
1137
1139
1140
1140
1141
1143
1144
1145
1146
1146
1146
1148
1148
1150
1151
1151
1152
1153
1153
1154
1154
1154
1159
1160
1161
1162
1164
1165
1166
1166
1171
1174
1174
1175
1177
1177
1177
1179
1179
1179
1183
1184
1185
1185
1185
1186
1187
1188
1190
1190
1193
1194
1194
1196
1197
1199
1199
1201
1201
1202
1203
1204
1205
1205
1207
1210
1210
1212
1214
1215
1215
1215
1215
1216
1217
1217
1218
1218
1219
1219
1219
1220
1221
1222
1222
1223
1223
1223
1223
1223
1223
1223
1223
1224
1224
1224
1224
1225
1225
1227
1228
1229
1229
1230
1231
1233
1233
1234
1235
1235
1235
1236
1236
1236
1239
1239
1240
1240
1241
1242
1242
1243
1243
1244
1245
1245
1245
1247
1251
1255
1255
1257
1259
1261
1261
1263
1264
1264
1266
1266
1267
1267
1268
1269
1269
1271
1271
1272
1273
1274
1274
1274
1277
1278
1278
1278
1280
1280
1281
1281
1283
1284
1284
1285
1285
1286
1290
1291
1293
1293
1294
1297
1297
1298
1299
1300
1302
1302
1304
1304
1304
1306
1307
1308
1309
1312
1316
1316
1318
1318
1318
1319
1320
1320
1320
1320
1321
1321
1322
1325
1327
1328
1328
1329
1331
1331
1331
1332
1334
1335
1336
1336
1336
1338
1338
1339
1339
1339
1339
1341
1342
1344
1345
1347
1347
1348
1348
1349
1350
1352
1353
1355
1357
1357
1357
1358
1358
1359
1360
1360
1360
1360
1361
1361
1363
1363
1363
1365
1366
1366
1367
1367
1370
1370
1371
1371
1371
1372
1372
1372
1375
1376
1376
1376
1378
1380
1382
1382
1382
1382
1382
1382
1387
1388
1390
1393
1394
1394
1396
1398
1398
1398
1399
1401
1401
1402
1402
1402
1404
1405
1406
1407
1408
1409
1410
1410
1411
1411
1412
1412
1413
1414
1414
1414
1416
1416
1416
1417
1418
1419
1420
1420
1422
1424
1425
1425
1425
1425
1426
1427
1427
1429
1429
1431
1431
1431
1433
1434
1436
1437
1438
1439
1439
1441
1441
1441
1442
1443
1443
1445
1446
1446
1446
1446
1446
1447
1447
1447
1447
1447
1448
1449
1450
1454
1457
1457
1457
1459
1462
1462
1463
1463
1464
1464
1465
1465
1466
1466
1467
1468
1468
1470
1471
1471
1473
1473
1475
1477
1477
1479
1480
1480
1482
1482
1482
1483
1483
1485
1487
1487
1488
1489
1489
1492
1493
1497
1501
1501
1502
1504
1504
1504
1508
1518
1519
1519
1522
1525
1526
1526
1529
1530
1531
1533
1533
1534
1537
1537
1540
1540
1541
1542
1542
1545
1546
1548
1549
1549
1551
1552
1558
1560
1561
1562
1562
1564
1565
1567
1572
1573
1573
1575
1575
1576
1578
1582
1582
1585
1585
1585
1585
1586
1586
1587
1587
1587
1588
1588
1590
1590
1591
1591
1591
1592
1592
1593
1594
1594
1595
1595
1596
1596
1596
1597
1598
1598
1604
1605
1609
1609
1609
1609
1610
1611
1611
1611
1614
1616
1617
1621
1622
1622
1624
1625
1627
1627
1627
1629
1631
1632
1632
1632
1634
1637
1640
1641
1642
1643
1643
1645
1645
1647
1648
1649
1653
1654
1654
1655
1657
1657
1662
1662
1662
1663
1663
1664
1665
1666
1667
1667
1669
1669
1670
1670
1672
1673
1675
1675
1676
1677
1680
1680
1681
1682
1685
1686
1688
1692
1694
1694
1697
1697
1697
1698
1698
1698
1700
1701
1702
1703
1704
1705
1705
1707
1709
1711
1712
1714
1718
1718
1718
1719
1720
1721
1722
1723
1723
1724
1726
1727
1727
1728
1729
1729
1730
1730
1731
1735
1735
1736
1736
1736
1738
1738
1742
1744
1744
1745
1746
1747
1748
1748
1748
1752
1753
1753
1753
1754
1754
1754
1755
1756
1756
1756
1762
1763
1767
1769
1770
1773
1773
1774
1775
1775
1776
1776
1777
1777
1778
1778
1782
1782
1782
1782
1783
1784
1785
1785
1785
1785
1786
1786
1788
1788
1790
1790
1792
1792
1792
1792
1793
1793
1795
1795
1796
1799
1800
1801
1801
1806
1808
1808
1809
1811
1811
1811
1815
1820
1822
1824
1826
1826
1827
1828
1828
1829
1830
1832
1833
1833
1834
1835
1836
1836
1836
1837
1837
1839
1841
1841
1841
1842
1843
1845
1846
1847
1847
1848
1848
1849
1850
1851
1851
1851
1851
1853
1854
1854
1855
1857
1857
1858
1859
1860
1860
1861
1863
1864
1867
1868
1868
1869
1869
1875
1875
1879
1883
1885
1886
1888
1889
1889
1890
1891
1892
1892
1892
1893
1893
1895
1895
1895
1896
1897
1898
1898
1899
1900
1906
1907
1907
1908
1909
1910
1910
1910
1912
1913
1915
1916
1918
1920
1921
1921
1922
1922
1922
1923
1923
1923
1927
1928
1929
1934
1934
1936
1936
1937
1937
1938
1938
1940
1941
1941
1943
1944
1944
1944
1946
1946
1947
1947
1949
1949
1949
1951
1951
1952
1958
1958
1958
1960
1964
1966
1966
1969
1971
1972
1972
1974
1975
1976
1976
1976
1976
1977
1979
1981
1981
1982
1982
1982
1982
1984
1985
1989
1989
1990
1991
1994
1995
1996
1996
1997
1997
2000
2001
2002
2003
2004
2005
2005
2006
2006
2006
2006
2006
2006
2007
2009
2009
2011
2011
2011
2013
2013
2014
2015
2015
2015
2017
2018
2020
2022
2023
2024
2025
2025
2026
2026
2026
2027
2029
2029
2030
2030
2037
2038
2039
2042
2043
2043
2044
2044
2045
2045
2045
2046
2047
2049
2049
2050
2051
2051
2052
2052
2054
2055
2055
2055
2055
2056
2056
2057
2057
2057
2058
2058
2059
2059
2060
2060
2062
2064
2066
2066
2067
2069
2070
2070
2070
2070
2071
2072
2072
2073
2077
2077
2078
2080
2080
2081
2081
2083
2083
2087
2088
2089
2090
2090
2093
2094
2094
2095
2096
2097
2097
2097
2097
2099
2101
2102
2102
2104
2107
2108
2109
2109
2110
2112
2116
2116
2116
2118
2123
2123
2124
2125
2126
2126
2128
2128
2129
2129
2131
2132
2132
2133
2134
2134
2135
2135
2136
2138
2138
2139
2140
2141
2141
2142
2143
2144
2144
2145
2145
2146
2148
2148
2149
2149
2150
2150
2152
2152
2153
2153
2153
2154
2155
2155
2156
2156
2157
2158
2158
2158
2159
2159
2160
2161
2161
2161
2161
2161
2164
2164
2165
2168
2169
2169
2170
2171
2172
2173
2173
2174
2174
2177
2181
2183
2183
2183
2184
2185
2188
2188
2188
2189
2190
2190
2191
2191
2192
2192
2196
2197
2198
2199
2201
2204
2207
2208
2210
2210
2214
2214
2215
2217
2217
2217
2217
2218
2218
2219
2220
2222
2222
2223
2224
2224
2224
2224
2228
2228
2228
2231
2231
2231
2232
2232
2232
2233
2234
2235
2236
2237
2237
2237
2238
2239
2240
2241
2244
2245
2246
2246
2250
2253
2255
2255
2255
2256
2256
2256
2259
2260
2260
2262
2263
2263
2266
2267
2269
2270
2270
2271
2271
2273
2273
2274
2275
2275
2276
2276
2277
2277
2277
2281
2282
2284
2285
2286
2286
2287
2290
2290
2292
2293
2293
2294
2294
2295
2295
2297
2298
2298
2298
2299
2301
2302
2302
2303
2303
2303
2304
2304
2308
2311
2311
2312
2312
2312
2312
2312
2312
2313
2313
2315
2315
2316
2316
2317
2318
2319
2320
2322
2323
2323
2324
2325
2325
2325
2326
2327
2329
2333
2334
2335
2335
2337
2338
2340
2343
2344
2345
2345
2346
2347
2348
2350
2351
2351
2351
2352
2352
2352
2354
2356
2356
2356
2358
2358
2359
2361
2361
2361
2362
2362
2363
2363
2365
2365
2366
2366
2366
2367
2367
2370
2371
2372
2372
2373
2374
2374
2377
2377
2378
2379
2380
2381
2382
2385
2385
2387
2389
2389
2389
2389
2389
2389
2390
2391
2392
2393
2393
2394
2401
2401
2402
2402
2402
2402
2404
2404
2405
2407
2407
2409
2410
2410
2411
2412
2413
2414
2414
2414
2415
2415
2416
2417
2418
2418
2420
2421
2422
2423
2426
2428
2429
2429
2429
2431
2431
2432
2433
2433
2433
2434
2434
2437
2439
2441
2442
2442
2443
2443
2447
2447
2448
2449
2450
2450
2451
2452
2452
2453
2453
2456
2456
2457
2457
2457
2458
2459
2460
2460
2461
2461
2461
2462
2462
2463
2466
2469
2471
2479
2481
2482
2483
2484
2485
2485
2486
2487
2489
2492
2492
2493
2493
2494
2494
2497
2500
2501
2501
2504
2504
2505
2509
2509
2509
2511
2512
2513
2513
2514
2516
2517
2520
2522
2522
2523
2524
2527
2527
2529
2530
2532
2534
2536
2537
2537
2538
2539
2543
2543
2544
2544
2545
2546
2548
2548
2549
2549
2550
2551
2552
2552
2552
2553
2553
2554
2554
2555
2556
2557
2561
2562
2562
2563
2563
2563
2565
2565
2566
2567
2567
2568
2569
2570
2571
2571
2572
2574
2577
2580
2582
2583
2584
2585
2588
2588
2588
2590
2590
2591
2593
2593
2595
2595
2596
2596
2597
2597
2598
2599
2602
2604
2605
2606
2607
2607
2609
2609
2610
2612
2612
2614
2614
2615
2617
2618
2618
2621
2621
2622
2622
2623
2624
2624
2624
2624
2625
2626
2626
2628
2629
2629
2631
2631
2632
2638
2642
2644
2644
2644
2644
2645
2645
2646
2647
2650
2654
2654
2654
2655
2658
2658
2661
2664
2664
2664
2665
2666
2666
2666
2667
2668
2668
2669
2670
2671
2672
2674
2676
2677
2679
2682
2683
2684
2685
2685
2686
2686
2687
2688
2688
2692
2692
2693
2694
2694
2695
2697
2697
2697
2697
2698
2698
2699
2700
2702
2702
2703
2703
2705
2707
2707
2707
2708
2710
2710
2711
2711
2712
2712
2713
2713
2714
2716
2716
2717
2718
2719
2721
2722
2723
2725
2725
2728
2728
2731
2732
2736
2736
2737
2737
2738
2738
2742
2743
2746
2747
2748
2750
2753
2756
2756
2756
2757
2757
2758
2759
2762
2763
2765
2767
2768
2769
2770
2771
2773
2774
2775
2777
2778
2778
2779
2779
2783
2783
2784
2784
2786
2786
2787
2788
2789
2790
2790
2792
2792
2792
2793
2794
2794
2795
2795
2796
2796
2798
2799
2800
2801
2802
2806
2807
2807
2812
2812
2815
2819
2820
2822
2824
2824
2825
2826
2827
2827
2829
2830
2830
2831
2832
2832
2833
2834
2835
2835
2836
2836
2838
2840
2841
2841
2841
2842
2843
2846
2846
2847
2848
2853
2854
2855
2855
2855
2855
2857
2858
2859
2863
2864
2866
2866
2869
2869
2870
2871
2872
2873
2875
2879
2879
2880
2881
2881
2886
2886
2888
2888
2888
2889
2894
2896
2897
2899
2900
2902
2904
2905
2907
2907
2908
2908
2909
2909
2913
2918
2918
2920
2921
2922
2922
2924
2925
2926
2933
2933
2934
2936
2938
2939
2945
2946
2946
2947
2949
2949
2950
2955
2955
2956
2959
2959
2962
2962
2962
2965
2966
2967
2967
2968
2969
2970
2970
2971
2972
2973
2974
2978
2979
2979
2979
2982
2982
2986
2987
2988
2988
2989
2990
2990
2991
2992
2992
2993
2994
2994
2997
2997
2997
2998
2998
2999
2999
2999
2999
2999
3002
3004
3004
3005
3007
3007
3008
3011
3011
3012
3015
3018
3019
3019
3020
3021
3022
3022
3024
3024
3025
3027
3034
3034
3035
3036
3038
3041
3042
3042
3043
3044
3045
3045
3046
3047
3047
3048
3048
3048
3049
3051
3052
3052
3054
3054
3054
3055
3058
3059
3060
3060
3061
3063
3063
3064
3064
3069
3073
3077
3077
3078
3078
3079
3080
3081
3083
3084
3084
3085
3087
3090
3091
3093
3097
3098
3099
3102
3106
3107
3107
3108
3113
3114
3115
3117
3117
3119
3122
3123
3123
3125
3128
3128
3130
3133
3133
3135
3136
3136
3137
3137
3139
3140
3142
3142
3142
3142
3143
3143
3144
3145
3145
3147
3148
3149
3151
3153
3154
3159
3161
3162
3163
3165
3166
3167
3168
3168
3173
3175
3179
3180
3180
3182
3188
3189
3190
3191
3191
3191
3191
3194
3195
3197
3198
3200
3203
3203
3205
3206
3207
3208
3209
3213
3214
3214
3218
3219
3219
3220
3220
3221
3223
3227
3230
3230
3230
3230
3231
3232
3232
3233
3233
3236
3237
3240
3242
3242
3247
3247
3249
3249
3249
3250
3250
3252
3252
3252
3259
3260
3262
3262
3262
3262
3263
3265
3266
3267
3269
3270
3270
3270
3272
3273
3274
3279
3282
3282
3282
3283
3284
3284
3285
3285
3286
3288
3289
3290
3290
3292
3292
3293
3294
3294
3298
3301
3301
3305
3310
3310
3312
3315
3316
3317
3318
3318
3319
3321
3323
3324
3328
3333
3333
3334
3336
3336
3337
3340
3340
3343
3344
3345
3345
3347
3347
3348
3349
3349
3350
3355
3356
3358
3358
3359
3360
3362
3363
3363
3365
3366
3366
3367
3367
3373
3375
3375
3375
3376
3376
3377
3378
3379
3380
3381
3382
3383
3383
3384
3384
3384
3388
3388
3389
3390
3391
3391
3391
3397
3398
3398
3400
3400
3401
3403
3404
3405
3406
3406
3408
3411
3411
3412
3412
3414
3418
3418
3419
3420
3423
3424
3425
3426
3428
3429
3434
3434
3436
3438
3442
3442
3442
3443
3443
3443
3445
3446
3447
3448
3448
3449
3454
3457
3458
3460
3460
3460
3462
3462
3463
3464
3465
3466
3467
3472
3473
3474
3474
3474
3476
3481
3481
3483
3485
3486
3486
3486
3487
3491
3492
3492
3495
3496
3500
3501
3501
3505
3506
3512
3514
3515
3516
3517
3519
3519
3521
3524
3524
3527
3531
3533
3533
3535
3535
3539
3540
3542
3543
3543
3543
3544
3544
3546
3546
3551
3552
3552
3554
3555
3556
3556
3557
3557
3561
3562
3563
3565
3566
3567
3568
3569
3571
3578
3578
3579
3579
3580
3581
3582
3584
3588
3590
3590
3592
3594
3597
3600
3601
3602
3606
3611
3612
3612
3614
3615
3617
3617
3619
3621
3622
3623
3623
3627
3628
3631
3631
3632
3633
3634
3638
3638
3640
3643
3643
3647
3648
3649
3650
3651
3653
3657
3657
3659
3661
3663
3663
3664
3664
3665
3665
3665
3667
3667
3670
3671
3672
3672
3673
3673
3675
3675
3676
3677
3678
3678
3682
3683
3683
3687
3688
3691
3691
3692
3692
3692
3693
3698
3698
3699
3699
3700
3703
3705
3707
3708
3709
3710
3711
3712
3712
3713
3714
3715
3716
3717
3717
3718
3719
3719
3719
3723
3724
3724
3729
3730
3730
3731
3735
3735
3737
3738
3739
3739
3741
3742
3742
3743
3743
3745
3745
3746
3750
3755
3757
3757
3759
3760
3760
3761
3763
3763
3765
3766
3766
3767
3769
3769
3770
3774
3775
3778
3781
3782
3783
3783
3785
3785
3787
3789
3791
3793
3800
3801
3802
3805
3810
3810
3812
3812
3814
3815
3817
3817
3819
3824
3825
3829
3832
3833
3834
3838
3839
3842
3843
3844
3845
3849
3852
3858
3858
3859
3859
3860
3862
3862
3863
3863
3866
3869
3870
3873
3875
3875
3875
3875
3876
3876
3877
3877
3878
3880
3880
3880
3882
3882
3883
3893
3894
3895
3896
3896
3898
3900
3903
3903
3906
3906
3908
3912
3913
3916
3917
3917
3919
3920
3921
3922
3924
3924
3925
3925
3926
3933
3934
3935
3937
3939
3944
3948
3949
3950
3951
3951
3951
3952
3952
3955
3955
3958
3958
3959
3961
3961
3962
3965
3967
3969
3973
3975
3977
3978
3981
3981
3983
3984
3984
3985
3986
3987
3987
3991
3991
4000
4001
4006
4006
4007
4007
4009
4009
4012
4013
4017
4017
4019
4022
4023
4024
4026
4027
4030
4035
4036
4038
4038
4041
4042
4044
4044
4045
4047
4048
4053
4054
4058
4058
4059
4060
4061
4069
4069
4070
4070
4075
4080
4086
4087
4088
4089
4091
4093
4093
4093
4094
4094
4095
4097
4097
4099
4100
4100
4103
4103
4104
4106
4107
4109
4109
4111
4112
4112
4113
4113
4115
4118
4119
4121
4123
4125
4126
4128
4132
4132
4135
4136
4137
4138
4144
4145
4148
4150
4152
4154
4155
4156
4158
4161
4164
4167
4170
4172
4185
4192
4193
4194
4195
4200
4201
4203
4203
4209
4209
4210
4211
4211
4214
4215
4216
4217
4220
4221
4223
4223
4225
4226
4227
4227
4228
4229
4229
4231
4233
4239
4241
4247
4257
4257
4258
4258
4260
4262
4265
4267
4268
4269
4270
4272
4272
4273
4277
4278
4283
4283
4286
4287
4288
4290
4292
4294
4294
4296
4296
4305
4306
4309
4313
4314
4315
4317
4317
4326
4331
4341
4342
4346
4348
4350
4352
4352
4353
4354
4355
4361
4362
4363
4364
4368
4369
4369
4371
4372
4376
4377
4377
4387
4387
4389
4391
4400
4403
4405
4406
4406
4408
4409
4411
4412
4413
4415
4415
4417
4419
4419
4421
4423
4424
4424
4425
4425
4427
4430
4432
4434
4434
4435
4436
4439
4439
4440
4440
4441
4442
4442
4443
4444
4444
4447
4448
4449
4451
4452
4453
4456
4457
4459
4460
4462
4462
4464
4466
4468
4470
4470
4473
4480
4482
4485
4486
4488
4488
4488
4489
4491
4492
4493
4496
4503
4504
4505
4510
4515
4515
4519
4520
4522
4524
4525
4526
4530
4530
4532
4534
4534
4534
4535
4535
4538
4538
4542
4542
4543
4544
4545
4550
4550
4551
4553
4556
4560
4560
4562
4562
4565
4571
4579
4582
4586
4590
4590
4593
4593
4594
4596
4600
4602
4604
4606
4614
4614
4615
4616
4616
4617
4619
4619
4620
4623
4623
4624
4628
4635
4635
4639
4641
4643
4646
4650
4650
4652
4654
4654
4654
4658
4658
4659
4659
4662
4665
4672
4672
4673
4677
4679
4682
4682
4683
4683
4687
4687
4691
4692
4695
4696
4697
4698
4701
4702
4712
4712
4713
4715
4715
4717
4719
4719
4720
4725
4725
4726
4728
4730
4731
4731
4732
4734
4734
4734
4735
4735
4737
4737
4741
4742
4742
4744
4745
4746
4747
4749
4754
4755
4757
4762
4767
4767
4769
4770
4772
4774
4775
4776
4776
4776
4779
4779
4780
4781
4782
4783
4789
4792
4792
4793
4794
4795
4795
4796
4796
4797
4799
4802
4803
4804
4808
4808
4810
4811
4814
4817
4818
4819
4821
4821
4823
4824
4824
4825
4827
4829
4829
4829
4830
4831
4831
4831
4831
4833
4833
4835
4840
4844
4844
4848
4849
4852
4852
4855
4858
4858
4860
4860
4863
4863
4866
4869
4874
4875
4875
4876
4877
4878
4879
4881
4883
4883
4884
4886
4887
4887
4889
4890
4891
4893
4895
4898
4899
4899
4902
4908
4909
4909
4913
4915
4917
4917
4918
4920
4921
4928
4930
4932
4932
4932
4934
4938
4938
4940
4941
4942
4948
4949
4949
4953
4954
4955
4957
4957
4958
4959
4961
4962
4963
4965
4966
4969
4970
4971
4971
4972
4972
4974
4977
4977
4979
4980
4980
4980
4986
4988
4989
4991
4998
5000
5005
5005
5008
5008
5008
5009
5009
5011
5015
5015
5015
5016
5018
5019
5021
5022
5025
5025
5027
5027
5028
5030
5034
5035
5039
5040
5041
5043
5044
5048
5048
5053
5055
5057
5057
5063
5065
5065
5072
5075
5075
5078
5079
5079
5081
5092
5094
5096
5100
5101
5104
5104
5104
5106
5107
5108
5108
5109
5110
5111
5114
5116
5119
5122
5123
5124
5128
5129
5130
5134
5137
5138
5139
5140
5141
5151
5151
5151
5154
5155
5157
5159
5159
5161
5162
5162
5163
5171
5173
5175
5176
5176
5177
5178
5180
5180
5183
5183
5184
5185
5188
5189
5197
5206
5207
5209
5215
5217
5225
5229
5231
5232
5238
5238
5238
5241
5244
5244
5246
5246
5246
5252
5252
5254
5257
5257
5261
5263
5263
5264
5265
5265
5266
5267
5269
5270
5272
5278
5281
5284
5284
5288
5289
5291
5292
5292
5296
5300
5302
5303
5308
5312
5312
5313
5313
5316
5316
5318
5321
5325
5326
5329
5329
5331
5333
5335
5335
5337
5338
5341
5341
5341
5344
5346
5347
5347
5349
5350
5353
5354
5354
5355
5357
5358
5359
5362
5369
5371
5371
5373
5374
5378
5380
5383
5388
5394
5398
5399
5401
5402
5405
5410
5415
5418
5423
5424
5424
5425
5425
5427
5428
5430
5431
5432
5433
5434
5439
5442
5445
5446
5452
5455
5456
5460
5461
5462
5464
5466
5467
5470
5472
5475
5475
5476
5479
5483
5483
5486
5490
5490
5494
5494
5495
5499
5502
5508
5510
5511
5511
5513
5517
5518
5520
5524
5525
5526
5529
5531
5534
5535
5535
5537
5540
5543
5545
5549
5549
5553
5553
5555
5558
5558
5562
5570
5571
5576
5577
5578
5578
5579
5581
5582
5583
5584
5587
5589
5592
5593
5593
5596
5598
5598
5600
5602
5604
5604
5609
5617
5617
5618
5619
5623
5624
5632
5632
5638
5639
5645
5652
5656
5657
5658
5660
5663
5665
5665
5666
5671
5675
5675
5677
5677
5678
5679
5684
5685
5685
5688
5688
5689
5693
5697
5699
5700
5701
5703
5707
5708
5711
5715
5716
5717
5718
5718
5719
5727
5727
5728
5729
5730
5731
5732
5735
5737
5737
5738
5738
5739
5748
5753
5755
5756
5761
5761
5763
5764
5765
5768
5770
5770
5772
5778
5780
5781
5782
5784
5784
5795
5796
5797
5798
5799
5802
5804
5804
5807
5809
5809
5811
5812
5814
5823
5825
5825
5825
5826
5831
5839
5841
5846
5846
5847
5852
5853
5857
5858
5863
5864
5865
5865
5866
5867
5868
5870
5871
5871
5875
5875
5878
5882
5885
5887
5890
5895
5896
5897
5899
5899
5900
5901
5901
5902
5905
5906
5907
5909
5910
5915
5916
5917
5917
5919
5920
5921
5921
5923
5926
5928
5934
5934
5937
5940
5942
5944
5946
5948
5951
5954
5957
5958
5961
5962
5968
5969
5969
5972
5973
5974
5978
5978
5979
5986
5988
5993
5993
5994
5995
5997
5997
5999
6000
6000
6005
6006
6006
6014
6014
6015
6017
6018
6021
6023
6028
6028
6038
6038
6039
6039
6039
6043
6044
6044
6045
6048
6049
6050
6055
6056
6057
6061
6066
6069
6071
6072
6079
6083
6084
6087
6087
6089
6089
6090
6090
6091
6092
6095
6096
6102
6103
6105
6107
6107
6111
6112
6112
6113
6115
6115
6116
6118
6120
6121
6123
6125
6126
6127
6128
6131
6134
6145
6151
6152
6154
6156
6162
6163
6164
6168
6169
6170
6178
6178
6181
6181
6185
6187
6188
6189
6190
6197
6198
6199
6200
6200
6201
6202
6203
6203
6204
6206
6208
6208
6210
6211
6215
6219
6220
6221
6226
6226
6226
6229
6230
6231
6241
6241
6241
6242
6242
6243
6246
6248
6249
6252
6253
6257
6262
6262
6263
6264
6265
6266
6274
6279
6280
6281
6283
6284
6287
6287
6288
6288
6289
6291
6292
6294
6298
6298
6299
6299
6305
6306
6306
6306
6307
6307
6309
6314
6320
6320
6321
6324
6324
6328
6328
6328
6330
6333
6334
6334
6337
6340
6340
6341
6346
6346
6347
6348
6350
6350
6351
6355
6356
6370
6372
6372
6373
6375
6378
6379
6380
6381
6382
6383
6385
6387
6390
6396
6397
6405
6406
6407
6407
6410
6410
6410
6413
6422
6422
6429
6430
6432
6433
6434
6438
6440
6441
6443
6446
6446
6446
6450
6450
6457
6462
6469
6472
6473
6477
6481
6485
6486
6492
6495
6498
6500
6500
6505
6505
6505
6507
6508
6513
6524
6525
6526
6529
6535
6537
6537
6538
6541
6541
6543
6543
6543
6544
6545
6549
6549
6552
6552
6554
6558
6558
6561
6566
6566
6569
6576
6579
6582
6592
6595
6595
6599
6602
6602
6603
6610
6611
6620
6620
6625
6626
6635
6640
6641
6642
6644
6645
6647
6653
6654
6655
6658
6659
6662
6662
6662
6663
6664
6668
6675
6676
6676
6677
6678
6679
6679
6681
6682
6683
6684
6684
6684
6684
6685
6685
6686
6690
6691
6692
6694
6696
6699
6699
6700
6700
6704
6704
6705
6708
6708
6710
6713
6713
6717
6718
6721
6722
6722
6726
6727
6729
6734
6742
6743
6744
6746
6749
6750
6752
6753
6753
6758
6765
6769
6769
6772
6773
6776
6777
6779
6784
6786
6787
6789
6789
6789
6796
6796
6798
6799
6799
6800
6801
6804
6805
6809
6810
6814
6819
6822
6822
6823
6823
6824
6824
6825
6826
6827
6828
6833
6833
6835
6837
6839
6841
6842
6842
6843
6843
6845
6850
6851
6856
6857
6858
6860
6862
6862
6866
6867
6867
6869
6870
6870
6874
6874
6874
6874
6875
6878
6880
6885
6886
6886
6889
6890
6892
6893
6895
6896
6896
6898
6904
6905
6908
6912
6913
6918
6918
6923
6930
6931
6935
6935
6936
6940
6953
6953
6956
6957
6960
6961
6961
6962
6965
6968
6968
6972
6975
6978
6985
6989
6989
6996
6996
6999
7002
7004
7004
7007
7008
7010
7011
7013
7013
7016
7023
7025
7025
7034
7040
7045
7050
7051
7054
7057
7058
7062
7069
7070
7078
7078
7082
7083
7086
7088
7089
7091
7092
7098
7099
7100
7100
7101
7103
7105
7105
7107
7108
7109
7109
7110
7111
7114
7115
7116
7116
7118
7118
7120
7122
7123
7124
7126
7128
7129
7129
7131
7131
7132
7132
7134
7134
7135
7137
7139
7139
7139
7151
7155
7155
7162
7165
7166
7166
7168
7168
7169
7170
7171
7172
7172
7174
7177
7180
7181
7181
7183
7184
7189
7190
7193
7196
7201
7201
7202
7207
7213
7213
7218
7219
7220
7222
7223
7225
7226
7227
7229
7230
7237
7237
7237
7239
7241
7243
7246
7249
7251
7253
7254
7254
7258
7259
7262
7266
7268
7268
7270
7273
7278
7288
7289
7290
7291
7291
7294
7294
7298
7299
7302
7304
7304
7306
7307
7311
7313
7313
7313
7314
7322
7322
7322
7325
7328
7334
7339
7346
7346
7347
7348
7350
7353
7353
7356
7358
7361
7363
7364
7368
7369
7371
7373
7374
7374
7375
7376
7377
7385
7385
7387
7389
7389
7391
7395
7397
7399
7402
7407
7408
7415
7415
7415
7419
7419
7423
7423
7424
7426
7427
7428
7430
7431
7431
7434
7441
7444
7450
7452
7461
7462
7463
7464
7464
7466
7467
7469
7473
7474
7476
7477
7479
7480
7495
7496
7496
7505
7507
7508
7513
7514
7518
7520
7522
7522
7530
7531
7531
7533
7535
7537
7539
7547
7547
7548
7548
7550
7551
7552
7555
7556
7559
7560
7563
7564
7567
7568
7570
7572
7573
7574
7576
7579
7579
7584
7587
7590
7590
7594
7599
7602
7602
7602
7603
7605
7606
7607
7609
7610
7612
7613
7614
7614
7615
7615
7615
7619
7626
7627
7636
7637
7641
7642
7642
7643
7643
7645
7646
7647
7647
7647
7650
7650
7651
7656
7658
7658
7663
7663
7668
7671
7674
7674
7680
7683
7683
7687
7691
7693
7694
7695
7697
7698
7702
7703
7703
7703
7704
7707
7709
7712
7712
7715
7716
7719
7719
7721
7725
7727
7732
7737
7740
7742
7742
7742
7748
7751
7752
7754
7755
7756
7762
7764
7766
7767
7767
7772
7776
7777
7779
7784
7785
7785
7785
7791
7792
7794
7795
7796
7797
7799
7800
7808
7808
7812
7818
7818
7820
7820
7821
7823
7823
7824
7829
7830
7832
7833
7834
7835
7836
7837
7837
7841
7843
7845
7845
7846
7847
7850
7851
7852
7853
7853
7853
7854
7855
7858
7859
7862
7862
7863
7865
7877
7879
7879
7880
7884
7885
7887
7888
7891
7897
7898
7899
7906
7910
7910
7910
7910
7910
7912
7913
7914
7915
7922
7926
7926
7929
7931
7932
7934
7934
7935
7935
7935
7937
7937
7938
7939
7939
7941
7942
7945
7947
7948
7951
7954
7956
7958
7962
7967
7970
7973
7979
7979
7980
7982
7982
7984
7988
7990
7992
7993
7996
8002
8004
8006
8008
8014
8015
8015
8017
8018
8020
8022
8024
8031
8033
8037
8037
8047
8047
8054
8056
8064
8073
8076
8078
8078
8079
8080
8080
8084
8087
8090
8097
8099
8103
8108
8109
8113
8115
8116
8119
8120
8121
8126
8130
8130
8130
8131
8132
8135
8137
8142
8143
8143
8147
8149
8151
8158
8159
8160
8161
8163
8173
8175
8180
8186
8188
8189
8190
8192
8198
8201
8205
8209
8210
8210
8211
8212
8218
8221
8231
8233
8235
8235
8237
8239
8240
8241
8243
8243
8244
8250
8250
8254
8255
8258
8258
8259
8260
8262
8265
8265
8270
8272
8280
8281
8285
8286
8288
8289
8289
8290
8290
8292
8296
8296
8297
8298
8299
8300
8302
8305
8306
8311
8316
8316
8318
8320
8323
8324
8326
8328
8333
8334
8336
8337
8340
8344
8344
8345
8346
8348
8352
8353
8357
8360
8361
8369
8370
8374
8376
8377
8377
8381
8383
8384
8385
8389
8391
8396
8397
8403
8408
8408
8409
8414
8416
8416
8425
8429
8430
8434
8441
8445
8445
8446
8456
8458
8462
8468
8471
8471
8474
8476
8476
8477
8477
8482
8486
8489
8489
8491
8491
8493
8493
8493
8495
8499
8499
8499
8501
8502
8507
8509
8509
8511
8514
8517
8518
8519
8521
8522
8523
8526
8527
8530
8531
8537
8539
8540
8544
8545
8547
8553
8562
8567
8575
8575
8576
8576
8580
8580
8581
8584
8586
8588
8590
8596
8600
8603
8603
8606
8609
8612
8615
8615
8616
8617
8618
8626
8630
8631
8633
8635
8638
8642
8644
8644
8649
8656
8656
8657
8658
8660
8663
8663
8664
8666
8672
8674
8679
8680
8686
8688
8689
8690
8690
8691
8694
8697
8700
8700
8700
8702
8704
8705
8706
8707
8708
8709
8710
8716
8717
8717
8719
8720
8722
8730
8738
8741
8743
8746
8750
8755
8755
8755
8759
8759
8761
8762
8765
8766
8767
8771
8774
8779
8781
8781
8782
8785
8791
8791
8792
8797
8797
8801
8801
8805
8806
8808
8816
8817
8820
8826
8831
8831
8832
8833
8835
8841
8842
8847
8853
8853
8855
8855
8860
8861
8862
8866
8869
8869
8870
8872
8877
8877
8877
8878
8880
8885
8890
8891
8894
8894
8897
8898
8898
8904
8910
8911
8911
8914
8916
8922
8922
8924
8925
8928
8929
8931
8932
8933
8934
8935
8936
8938
8943
8943
8944
8945
8950
8951
8952
8952
8958
8959
8960
8961
8964
8966
8968
8968
8969
8971
8972
8977
8977
8978
8981
8981
8984
8987
8992
8995
8996
9002
9003
9003
9003
9009
9011
9013
9014
9017
9024
9032
9033
9041
9042
9048
9050
9050
9059
9059
9063
9077
9077
9082
9087
9089
9090
9094
9096
9098
9098
9098
9101
9102
9102
9102
9103
9105
9107
9108
9108
9113
9113
9113
9115
9118
9118
9123
9126
9131
9132
9133
9138
9139
9141
9142
9147
9148
9153
9153
9158
9164
9168
9170
9172
9173
9177
9179
9182
9185
9188
9193
9194
9202
9207
9212
9224
9225
9230
9231
9232
9234
9240
9246
9250
9250
9253
9257
9258
9260
9267
9273
9282
9285
9286
9286
9288
9288
9293
9296
9300
9302
9303
9304
9305
9306
9311
9313
9315
9318
9321
9324
9325
9328
9333
9335
9336
9337
9340
9341
9342
9344
9346
9349
9351
9354
9354
9357
9361
9367
9368
9370
9373
9376
9376
9377
9377
9381
9385
9386
9387
9390
9392
9398
9411
9423
9425
9430
9432
9434
9438
9442
9447
9449
9450
9451
9453
9455
9463
9464
9464
9481
9482
9482
9484
9484
9484
9490
9491
9491
9497
9498
9499
9501
9501
9503
9505
9505
9506
9509
9510
9514
9515
9515
9522
9523
9525
9525
9527
9527
9531
9533
9537
9538
9540
9541
9543
9544
9546
9548
9555
9556
9559
9567
9569
9570
9571
9571
9572
9572
9576
9576
9577
9578
9579
9581
9582
9583
9591
9592
9598
9599
9599
9602
9605
9611
9612
9617
9619
9623
9623
9628
9629
9630
9632
9635
9636
9637
9642
9643
9644
9647
9655
9670
9670
9672
9673
9675
9677
9677
9679
9682
9689
9690
9694
9695
9696
9697
9703
9703
9703
9705
9705
9705
9708
9721
9722
9724
9726
9730
9731
9734
9737
9740
9747
9751
9755
9756
9756
9761
9761
9763
9766
9768
9770
9771
9775
9776
9778
9780
9785
9788
9788
9790
9791
9795
9796
9797
9800
9803
9805
9808
9814
9814
9815
9817
9817
9817
9819
9820
9822
9825
9830
9839
9843
9845
9850
9853
9854
9855
9857
9866
9871
9877
9880
9886
9892
9897
9897
9897
9901
9901
9902
9903
9903
9903
9908
9915
9917
9917
9921
9923
9927
9927
9935
9937
9939
9939
9941
9943
9946
9947
9949
9950
9951
9952
9952
9958
9960
9963
9964
9964
9965
9965
9967
9968
9970
9973
9973
9974
9975
9975
9978
9979
9982
9983
9985
9990
9992
9993
9994
9999
10001
10006
10008
10009
10012
10013
10016
10024
10025
10027
10027
10031
10033
10034
10038
10042
10043
10044
10046
10048
10048
10067
10067
10069
10070
10070
10070
10071
10071
10074
10076
10081
10081
10084
10089
10091
10098
10103
10105
10107
10111
10112
10112
10114
10118
10118
10120
10125
10126
10128
10131
10133
10135
10139
10139
10140
10141
10147
10154
10155
10158
10160
10162
10162
10166
10168
10180
10184
10184
10186
10188
10195
10195
10196
10196
10200
10202
10210
10212
10214
10214
10215
10216
10218
10219
10222
10225
10227
10228
10232
10235
10243
10253
10253
10256
10257
10260
10261
10267
10273
10275
10279
10279
10284
10286
10288
10288
10289
10290
10291
10292
10295
10295
10298
10298
10303
10311
10311
10311
10315
10320
10322
10323
10325
10326
10328
10329
10331
10332
10333
10334
10335
10336
10337
10337
10340
10342
10345
10350
10356
10359
10364
10366
10367
10369
10370
10375
10375
10379
10382
10385
10389
10391
10392
10392
10393
10396
10402
10402
10402
10403
10405
10405
10418
10419
10420
10421
10422
10423
10423
10425
10426
10429
10437
10438
10439
10450
10450
10451
10454
10455
10459
10466
10468
10469
10469
10476
10476
10479
10481
10484
10484
10485
10488
10490
10491
10491
10498
10500
10503
10504
10505
10509
10513
10514
10518
10520
10521
10526
10528
10530
10536
10537
10540
10543
10543
10544
10547
10547
10549
10561
10563
10564
10567
10570
10571
10580
10581
10582
10585
10588
10591
10591
10592
10593
10598
10605
10611
10616
10616
10617
10621
10623
10626
10626
10632
10638
10643
10648
10650
10653
10654
10657
10657
10662
10669
10669
10669
10671
10671
10672
10672
10675
10676
10677
10677
10680
10682
10683
10684
10687
10687
10687
10689
10691
10695
10696
10697
10698
10700
10703
10706
10708
10710
10716
10728
10729
10731
10732
10734
10735
10744
10746
10746
10749
10750
10751
10752
10755
10761
10767
10772
10774
10776
10778
10780
10781
10781
10782
10783
10783
10784
10784
10785
10791
10792
10796
10805
10806
10807
10809
10814
10814
10816
10819
10828
10834
10835
10838
10839
10843
10853
10853
10857
10861
10873
10874
10886
10888
10888
10890
10890
10891
10893
10899
10903
10905
10907
10907
10909
10910
10913
10914
10920
10926
10932
10934
10936
10937
10938
10940
10945
10946
10948
10949
10951
10954
10954
10956
10959
10964
10966
10968
10970
10973
10973
10976
10976
10977
10984
10990
10993
10994
10995
10997
10997
10998
11000
11003
11007
11013
11014
11021
11022
11023
11031
11031
11032
11037
11040
11040
11042
11043
11044
11046
11053
11060
11061
11063
11065
11072
11073
11074
11074
11076
11076
11078
11081
11082
11082
11084
11086
11091
11095
11100
11106
11108
11111
11112
11116
11117
11121
11123
11125
11127
11128
11129
11129
11134
11139
11143
11145
11148
11151
11154
11163
11165
11166
11167
11167
11178
11179
11179
11194
11195
11204
11207
11208
11210
11211
11213
11218
11227
11234
11239
11239
11239
11241
11251
11254
11255
11255
11256
11262
11263
11264
11267
11268
11271
11271
11275
11278
11281
11283
11290
11293
11295
11297
11302
11305
11310
11311
11317
11321
11322
11325
11329
11337
11346
11349
11351
11352
11360
11364
11374
11376
11384
11388
11389
11391
11391
11399
11401
11403
11408
11419
11422
11425
11426
11428
11429
11433
11436
11437
11437
11441
11443
11449
11450
11456
11456
11461
11462
11463
11465
11468
11472
11479
11480
11485
11485
11486
11486
11487
11491
11491
11495
11502
11502
11504
11504
11506
11508
11508
11509
11514
11516
11518
11519
11523
11525
11527
11528
11528
11529
11529
11530
11532
11535
11537
11544
11546
11546
11549
11550
11569
11574
11575
11578
11579
11581
11589
11591
11593
11594
11595
11595
11598
11600
11601
11606
11609
11611
11620
11625
11634
11639
11644
11647
11648
11650
11654
11654
11656
11662
11662
11664
11666
11667
11670
11676
11677
11686
11687
11690
11690
11692
11693
11695
11698
11700
11707
11710
11716
11724
11726
11726
11730
11733
11738
11738
11740
11748
11750
11752
11756
11762
11762
11763
11764
11765
11766
11770
11771
11774
11774
11780
11785
11787
11790
11794
11800
11802
11808
11808
11816
11818
11818
11819
11828
11832
11833
11833
11833
11834
11841
11842
11844
11845
11849
11852
11854
11864
11868
11875
11876
11877
11884
11884
11885
11886
11892
11893
11895
11895
11902
11904
11908
11913
11914
11919
11920
11926
11936
11939
11940
11942
11948
11950
11958
11958
11962
11962
11975
11989
11991
11992
11996
11997
12002
12007
12015
12021
12038
12038
12040
12045
12046
12048
12049
12051
12054
12058
12073
12076
12081
12081
12082
12083
12083
12087
12090
12093
12096
12099
12099
12100
12104
12107
12108
12118
12118
12127
12140
12140
12150
12153
12155
12155
12157
12158
12170
12171
12171
12173
12176
12181
12186
12189
12191
12194
12198
12198
12200
12207
12210
12215
12219
12219
12222
12225
12225
12232
12235
12236
12238
12240
12240
12244
12253
12254
12257
12258
12270
12272
12273
12274
12276
12284
12286
12291
12301
12302
12310
12312
12313
12317
12320
12328
12328
12329
12335
12337
12343
12343
12344
12346
12353
12361
12363
12364
12367
12370
12372
12378
12380
12381
12394
12395
12396
12405
12409
12415
12419
12424
12428
12429
12430
12434
12436
12437
12440
12447
12451
12451
12453
12460
12463
12474
12475
12480
12482
12485
12487
12499
12501
12502
12504
12506
12507
12509
12511
12515
12520
12524
12525
12526
12526
12533
12535
12537
12538
12539
12557
12561
12563
12565
12567
12571
12574
12575
12578
12602
12612
12623
12624
12625
12628
12629
12629
12633
12636
12639
12648
12655
12657
12659
12660
12661
12662
12662
12664
12664
12665
12665
12679
12682
12704
12712
12713
12714
12719
12728
12728
12731
12731
12733
12737
12741
12745
12751
12757
12762
12765
12767
12767
12769
12775
12780
12789
12801
12805
12810
12812
12816
12824
12825
12827
12835
12837
12838
12843
12863
12864
12865
12868
12874
12881
12881
12883
12886
12886
12886
12894
12895
12897
12898
12899
12899
12901
12916
12925
12927
12930
12931
12931
12935
12937
12942
12942
12945
12952
12954
12961
12966
12973
12977
12978
12978
12980
12983
12986
12986
12995
12997
13002
13004
13004
13009
13009
13025
13025
13028
13029
13035
13036
13040
13046
13050
13053
13054
13058
13062
13064
13065
13068
13072
13072
13074
13074
13077
13078
13082
13083
13085
13087
13090
13101
13114
13126
13128
13129
13131
13135
13135
13140
13143
13143
13148
13149
13151
13156
13163
13165
13171
13179
13185
13186
13194
13196
13203
13204
13207
13217
13223
13226
13230
13233
13235
13241
13243
13255
13260
13268
13272
13274
13274
13274
13274
13286
13288
13291
13297
13301
13303
13304
13306
13307
13311
13318
13321
13326
13326
13330
13331
13332
13334
13335
13342
13345
13345
13351
13359
13363
13364
13368
13373
13379
13380
13389
13389
13394
13398
13398
13405
13406
13409
13417
13420
13421
13423
13425
13427
13429
13436
13438
13441
13443
13443
13447
13448
13449
13458
13460
13463
13467
13468
13468
13469
13474
13476
13477
13477
13498
13500
13505
13507
13508
13509
13510
13511
13514
13527
13527
13532
13549
13557
13561
13562
13564
13564
13564
13568
13570
13570
13576
13578
13578
13579
13581
13584
13585
13587
13590
13593
13602
13609
13610
13612
13618
13620
13623
13625
13627
13636
13639
13640
13646
13648
13651
13651
13664
13665
13675
13678
13688
13689
13692
13692
13692
13692
13696
13697
13698
13704
13704
13713
13714
13717
13720
13727
13728
13731
13733
13737
13740
13740
13750
13753
13754
13754
13759
13762
13763
13763
13764
13766
13770
13773
13776
13776
13797
13810
13812
13819
13822
13828
13828
13832
13839
13842
13844
13847
13850
13854
13862
13868
13872
13875
13877
13877
13884
13895
13899
13900
13901
13903
13904
13905
13906
13907
13907
13908
13909
13913
13915
13916
13917
13920
13920
13923
13926
13931
13932
13932
13940
13950
13954
13964
13970
13972
13977
13984
13989
13990
13996
13996
14004
14009
14010
14011
14016
14026
14027
14027
14029
14030
14030
14034
14035
14040
14041
14043
14046
14048
14049
14050
14051
14058
14059
14065
14072
14073
14075
14078
14080
14089
14091
14094
14103
14108
14114
14118
14119
14126
14129
14133
14134
14136
14137
14140
14141
14143
14145
14156
14163
14172
14178
14182
14194
14203
14205
14218
14224
14243
14243
14247
14248
14252
14253
14255
14258
14263
14268
14270
14272
14274
14275
14279
14281
14282
14282
14284
14299
14300
14305
14306
14310
14315
14318
14321
14325
14338
14342
14343
14343
14359
14365
14369
14369
14373
14377
14381
14381
14386
14405
14410
14411
14415
14416
14417
14418
14422
14436
14442
14444
14454
14457
14459
14459
14460
14461
14471
14473
14475
14483
14488
14501
14503
14508
14511
14513
14519
14519
14520
14522
14523
14525
14526
14534
14541
14545
14556
14558
14562
14565
14565
14569
14570
14572
14582
14586
14588
14592
14611
14615
14615
14615
14616
14616
14617
14620
14621
14624
14628
14633
14638
14647
14649
14650
14659
14661
14665
14684
14693
14695
14702
14711
14713
14714
14718
14719
14733
14738
14745
14746
14748
14749
14755
14759
14777
14780
14783
14796
14800
14800
14803
14804
14805
14805
14809
14812
14813
14816
14820
14825
14829
14847
14849
14849
14867
14870
14871
14879
14881
14888
14890
14894
14896
14896
14898
14900
14903
14904
14907
14908
14910
14911
14913
14913
14914
14915
14919
14925
14937
14941
14945
14948
14951
14956
14957
14963
14965
14970
14973
14974
14975
14984
14986
14986
14987
14990
14994
14997
15003
15020
15021
15022
15023
15030
15037
15037
15039
15042
15048
15051
15053
15058
15066
15069
15074
15075
15077
15078
15078
15078
15092
15094
15097
15099
15103
15108
15110
15113
15114
15122
15130
15131
15137
15140
15144
15146
15154
15155
15157
15165
15166
15169
15170
15171
15172
15181
15188
15195
15201
15205
15205
15213
15215
15216
15217
15233
15234
15234
15241
15242
15243
15245
15248
15254
15261
15263
15267
15269
15270
15273
15276
15277
15289
15298
15299
15302
15305
15313
15317
15321
15337
15343
15348
15350
15355
15361
15368
15369
15373
15374
15374
15374
15388
15392
15393
15398
15398
15400
15401
15405
15415
15419
15422
15425
15426
15430
15432
15439
15442
15446
15447
15454
15457
15465
15467
15468
15472
15474
15475
15491
15493
15497
15502
15504
15506
15507
15519
15523
15526
15526
15534
15538
15549
15551
15551
15551
15565
15567
15567
15568
15572
15576
15581
15585
15588
15591
15594
15599
15603
15608
15609
15618
15619
15624
15634
15635
15637
15639
15642
15648
15648
15653
15655
15671
15672
15676
15676
15678
15683
15699
15716
15720
15724
15728
15728
15729
15741
15748
15749
15750
15755
15768
15770
15778
15782
15786
15790
15793
15796
15800
15800
15806
15808
15809
15825
15828
15837
15842
15843
15843
15849
15850
15852
15853
15856
15858
15861
15871
15878
15879
15892
15894
15903
15903
15927
15927
15934
15937
15938
15942
15942
15942
15963
15964
15969
15969
15972
15990
15991
15992
15997
15999
16003
16007
16014
16015
16018
16020
16030
16032
16033
16036
16044
16056
16060
16067
16070
16092
16096
16103
16103
16116
16116
16123
16125
16133
16139
16151
16173
16175
16196
16196
16205
16208
16210
16214
16215
16218
16220
16235
16237
16247
16251
16260
16264
16266
16267
16276
16285
16287
16289
16296
16299
16301
16307
16309
16311
16311
16315
16333
16339
16340
16340
16350
16352
16354
16355
16363
16364
16372
16377
16377
16385
16390
16392
16393
16396
16402
16407
16409
16411
16419
16425
16434
16436
16438
16439
16441
16450
16462
16468
16469
16471
16472
16473
16484
16491
16498
16499
16510
16517
16521
16522
16529
16530
16530
16546
16548
16557
16570
16575
16576
16583
16586
16588
16593
16600
16601
16606
16612
16625
16630
16634
16636
16642
16643
16647
16651
16653
16656
16663
16663
16664
16665
16665
16669
16672
16673
16692
16699
16709
16710
16716
16717
16720
16721
16725
16729
16729
16731
16731
16742
16743
16745
16778
16786
16790
16798
16801
16815
16818
16824
16829
16840
16843
16846
16851
16859
16860
16862
16875
16879
16883
16889
16897
16902
16911
16914
16916
16920
16926
16931
16931
16939
16946
16963
16966
16967
16970
16991
16999
17004
17005
17006
17011
17012
17021
17026
17029
17040
17040
17045
17059
17064
17065
17072
17074
17079
17081
17084
17087
17090
17093
17095
17102
17104
17109
17117
17121
17122
17137
17137
17138
17146
17149
17156
17156
17160
17161
17165
17170
17171
17174
17174
17178
17179
17179
17182
17183
17183
17187
17193
17199
17199
17201
17203
17207
17211
17213
17213
17214
17218
17226
17228
17229
17235
17239
17247
17252
17259
17260
17260
17264
17269
17269
17276
17284
17285
17300
17302
17319
17325
17328
17337
17343
17347
17358
17360
17364
17365
17368
17371
17376
17380
17384
17387
17388
17388
17392
17402
17405
17413
17415
17418
17418
17418
17432
17444
17458
17459
17472
17480
17499
17502
17506
17508
17509
17520
17521
17522
17525
17529
17543
17545
17547
17547
17556
17558
17560
17561
17564
17567
17569
17571
17574
17575
17577
17581
17585
17599
17599
17612
17613
17613
17619
17621
17623
17623
17625
17626
17630
17636
17642
17645
17645
17649
17649
17650
17654
17658
17658
17661
17664
17667
17673
17676
17678
17682
17694
17702
17705
17706
17721
17721
17729
17736
17738
17740
17747
17752
17753
17754
17757
17760
17765
17770
17771
17792
17799
17801
17815
17817
17824
17825
17839
17839
17842
17854
17858
17864
17866
17867
17877
17878
17883
17883
17884
17894
17896
17896
17897
17899
17901
17902
17908
17910
17914
17919
17920
17924
17930
17931
17931
17933
17939
17962
17969
17973
17982
17988
18004
18005
18007
18012
18013
18013
18025
18026
18032
18033
18035
18035
18040
18044
18049
18054
18057
18061
18071
18076
18076
18086
18092
18095
18100
18106
18108
18108
18122
18122
18123
18145
18146
18147
18148
18151
18170
18172
18174
18175
18184
18185
18188
18189
18190
18207
18210
18222
18230
18235
18262
18266
18272
18274
18275
18295
18305
18315
18321
18329
18337
18338
18350
18352
18359
18362
18363
18369
18370
18400
18406
18411
18413
18428
18436
18438
18440
18445
18472
18478
18484
18500
18505
18508
18508
18513
18513
18520
18522
18525
18537
18544
18549
18561
18566
18567
18568
18575
18576
18595
18610
18611
18616
18616
18628
18643
18644
18649
18652
18653
18656
18658
18664
18665
18666
18670
18673
18680
18682
18682
18683
18697
18700
18703
18717
18728
18734
18741
18751
18769
18786
18788
18788
18789
18794
18794
18800
18805
18811
18833
18842
18842
18854
18858
18858
18864
18865
18871
18872
18889
18890
18893
18900
18906
18915
18915
18918
18924
18934
18935
18941
18942
18942
18952
18953
18959
18959
18965
18967
18968
18969
18970
18978
18985
18988
18991
18996
19003
19005
19009
19011
19011
19016
19019
19019
19030
19030
19032
19032
19035
19042
19044
19044
19051
19061
19062
19073
19082
19087
19096
19097
19104
19117
19117
19124
19137
19139
19143
19145
19147
19149
19152
19163
19174
19175
19183
19187
19190
19192
19199
19205
19208
19209
19214
19222
19222
19231
19235
19241
19255
19257
19258
19270
19272
19276
19282
19294
19298
19306
19318
19323
19332
19333
19345
19349
19350
19352
19355
19362
19365
19365
19372
19390
19400
19402
19404
19406
19408
19411
19414
19419
19420
19423
19428
19440
19446
19451
19458
19465
19472
19475
19482
19489
19492
19496
19499
19513
19515
19515
19526
19527
19532
19536
19537
19538
19541
19542
19548
19548
19562
19562
19568
19570
19571
19572
19575
19581
19583
19587
19600
19608
19618
19638
19642
19650
19656
19656
19661
19666
19676
19694
19700
19707
19708
19717
19723
19723
19726
19740
19756
19763
19769
19773
19789
19796
19802
19810
19813
19814
19817
19819
19822
19835
19846
19853
19867
19871
19878
19878
19886
19887
19893
19893
19907
19930
19943
19944
19944
19950
19955
19956
19960
19960
20007
20018
20024
20024
20026
20034
20067
20078
20090
20099
20101
20106
20116
20125
20128
20129
20131
20139
20139
20142
20146
20148
20151
20156
20162
20164
20168
20169
20174
20179
20185
20186
20195
20198
20202
20207
20211
20213
20213
20217
20236
20246
20248
20252
20269
20274
20279
20289
20299
20300
20302
20305
20319
20321
20333
20341
20342
20352
20372
20379
20383
20398
20409
20427
20440
20440
20465
20490
20492
20493
20513
20514
20518
20532
20536
20567
20568
20572
20581
20586
20598
20599
20603
20603
20603
20615
20617
20650
20663
20667
20673
20682
20689
20722
20732
20741
20744
20752
20756
20760
20761
20765
20774
20777
20811
20817
20833
20861
20862
20868
20883
20889
20893
20901
20903
20905
20923
20936
20942
20951
20980
20994
20996
20998
20998
21012
21019
21027
21044
21048
21051
21058
21067
21067
21069
21084
21085
21088
21100
21102
21102
21112
21119
21120
21122
21127
21170
21182
21186
21206
21214
21214
21235
21239
21251
21263
21264
21270
21273
21274
21296
21305
21309
21324
21343
21349
21357
21358
21359
21363
21370
21408
21409
21416
21418
21459
21500
21533
21537
21541
21549
21556
21571
21592
21592
21600
21618
21619
21632
21646
21650
21651
21667
21670
21687
21693
21694
21763
21766
21766
21767
21775
21777
21780
21782
21801
21807
21823
21842
21844
21862
21867
21882
21906
21907
21937
22000
22005
22010
22026
22052
22077
22096
22133
22133
22145
22149
22156
22171
22172
22184
22198
22198
22215
22261
22266
22275
22278
22289
22294
22294
22298
22301
22302
22307
22330
22365
22387
22407
22429
22435
22445
22449
22515
22518
22532
22542
22550
22582
22592
22592
22639
22641
22642
22651
22690
22702
22734
22764
22774
22812
22857
22866
22868
22902
22906
22943
22973
23009
23066
23093
23097
23104
23112
23124
23141
23145
23151
23164
23165
23200
23212
23214
23241
23246
23270
23305
23345
23405
23409
23419
23447
23455
23456
23475
23496
23550
23556
23563
23600
23613
23617
23626
23653
23656
23735
23760
23776
23791
23803
23803
23806
23835
23837
23875
23879
23886
23923
23955
23983
23989
23994
24010
24019
24072
24085
24113
24132
24173
24181
24206
24253
24328
24334
24371
24372
24420
24427
24452
24453
24536
24566
24616
24620
24626
24654
24661
24723
24745
24752
24795
24810
24817
24823
24892
24901
24901
24911
24914
24939
24941
25066
25125
25176
25185
25192
25267
25288
25409
25410
25464
25470
25493
25504
25555
25565
25589
25590
25614
25628
25643
25737
25738
25778
25795
25797
25800
25807
25825
25870
25891
25983
26072
26088
26094
26146
26151
26209
26283
26307
26312
26370
26378
26391
26397
26473
26503
26517
26573
26634
26697
26752
26775
26863
26871
26911
27046
27066
27081
27130
27222
27249
27407
27438
27475
27681
27828
27926
27937
27966
28097
28674
28721
28834
28846
28950
29260
29313
29394
29577
30119
30220
30426
30487
30518
30571
30695
30957
30966
31621
31970
32539
32542
32544
33669
34140
34788
34915
35948
36285
39209
