874
889
916
934
939
945
946
952
955
963
964
976
982
983
987
990
990
993
994
997
998
1003
1004
1006
1010
1011
1013
1013
1014
1014
1015
1015
1015
1016
1017
1018
1018
1020
1020
1021
1024
1026
1027
1031
1031
1032
1034
1039
1040
1040
1041
1041
1043
1044
1044
1045
1046
1046
1046
1047
1049
1050
1051
1051
1053
1054
1054
1055
1055
1057
1058
1058
1059
1063
1063
1063
1069
1069
1071
1071
1071
1071
1072
1074
1077
1078
1078
1079
1080
1081
1081
1087
1089
1089
1092
1094
1094
1096
1097
1097
1098
1099
1099
1100
1102
1104
1105
1106
1110
1110
1113
1114
1115
1116
1116
1117
1120
1121
1122
1124
1125
1125
1126
1126
1127
1127
1127
1132
1132
1134
1135
1136
1136
1136
1137
1137
1138
1139
1140
1141
1141
1142
1142
1142
1144
1144
1145
1146
1148
1148
1149
1150
1151
1151
1151
1152
1153
1153
1153
1154
1154
1154
1155
1156
1158
1161
1161
1162
1163
1164
1165
1166
1166
1168
1168
1169
1170
1170
1171
1173
1173
1177
1178
1181
1182
1182
1187
1187
1188
1189
1192
1193
1194
1196
1196
1200
1201
1204
1205
1205
1206
1208
1208
1209
1209
1214
1215
1215
1216
1216
1218
1218
1219
1219
1219
1219
1219
1220
1220
1220
1221
1221
1221
1221
1222
1222
1222
1222
1223
1224
1224
1224
1225
1226
1227
1231
1231
1235
1236
1236
1238
1240
1240
1241
1241
1242
1242
1243
1244
1244
1247
1248
1248
1249
1249
1251
1252
1252
1253
1254
1254
1254
1256
1257
1257
1258
1258
1259
1259
1259
1260
1261
1262
1264
1265
1267
1270
1270
1272
1273
1273
1273
1273
1274
1277
1278
1278
1280
1281
1282
1282
1285
1287
1287
1289
1289
1292
1293
1293
1294
1295
1295
1296
1296
1297
1298
1298
1299
1299
1299
1299
1300
1300
1301
1301
1301
1302
1303
1304
1304
1305
1306
1308
1309
1310
1310
1311
1311
1311
1311
1311
1312
1312
1314
1315
1316
1316
1317
1320
1320
1321
1321
1322
1322
1324
1325
1326
1326
1327
1328
1329
1329
1330
1331
1331
1332
1332
1333
1335
1336
1337
1338
1341
1342
1345
1346
1348
1349
1349
1349
1351
1351
1351
1351
1352
1352
1353
1354
1356
1356
1356
1356
1357
1358
1358
1359
1360
1360
1361
1361
1363
1363
1366
1366
1368
1368
1369
1369
1370
1370
1370
1372
1373
1374
1374
1374
1376
1376
1379
1379
1379
1382
1383
1383
1384
1385
1385
1385
1386
1388
1389
1390
1390
1391
1391
1392
1393
1394
1394
1395
1395
1396
1397
1400
1402
1403
1403
1404
1405
1405
1405
1405
1405
1407
1407
1408
1409
1409
1409
1409
1409
1410
1411
1411
1412
1413
1413
1414
1414
1415
1417
1417
1418
1419
1419
1420
1420
1422
1423
1423
1424
1425
1425
1425
1426
1426
1428
1428
1429
1431
1431
1433
1434
1436
1436
1438
1439
1439
1441
1441
1442
1444
1444
1445
1446
1446
1446
1447
1447
1447
1448
1453
1453
1454
1456
1457
1457
1457
1457
1459
1459
1459
1459
1460
1460
1462
1462
1462
1463
1465
1465
1466
1467
1467
1469
1470
1473
1474
1474
1476
1477
1478
1479
1482
1483
1483
1484
1486
1486
1487
1487
1487
1488
1488
1488
1488
1490
1490
1492
1492
1493
1493
1494
1495
1495
1496
1496
1497
1498
1498
1498
1498
1498
1499
1499
1500
1501
1502
1503
1503
1503
1507
1507
1508
1509
1510
1511
1512
1512
1512
1513
1513
1513
1513
1514
1515
1515
1517
1518
1519
1520
1520
1521
1522
1522
1522
1524
1524
1525
1526
1527
1528
1529
1530
1530
1533
1533
1534
1535
1535
1536
1536
1537
1537
1539
1539
1544
1544
1545
1547
1547
1549
1549
1550
1550
1552
1552
1553
1553
1554
1556
1557
1558
1560
1560
1560
1561
1562
1563
1564
1564
1567
1571
1572
1574
1574
1578
1578
1579
1581
1581
1582
1584
1587
1587
1587
1588
1588
1588
1589
1590
1590
1591
1592
1592
1592
1593
1595
1595
1595
1597
1598
1599
1602
1604
1606
1606
1609
1610
1611
1611
1611
1612
1612
1613
1614
1615
1615
1617
1618
1619
1619
1620
1621
1621
1622
1622
1624
1628
1628
1628
1630
1631
1631
1631
1632
1633
1633
1633
1634
1637
1640
1641
1643
1644
1645
1646
1646
1648
1648
1649
1649
1650
1653
1653
1653
1654
1656
1656
1659
1659
1659
1659
1660
1661
1661
1663
1664
1664
1665
1666
1667
1667
1668
1668
1669
1669
1674
1675
1676
1677
1679
1679
1681
1681
1681
1683
1684
1685
1687
1687
1688
1689
1691
1691
1693
1695
1695
1697
1697
1697
1698
1699
1700
1702
1703
1706
1706
1708
1708
1708
1709
1709
1712
1712
1713
1713
1714
1715
1716
1717
1719
1720
1720
1721
1722
1722
1722
1722
1723
1724
1724
1725
1725
1725
1725
1727
1727
1727
1731
1732
1733
1733
1733
1736
1736
1737
1737
1739
1743
1744
1744
1746
1748
1752
1752
1753
1753
1754
1754
1755
1756
1757
1757
1759
1760
1761
1762
1762
1762
1763
1764
1764
1765
1766
1767
1768
1771
1772
1773
1773
1773
1773
1774
1774
1775
1776
1776
1776
1777
1780
1780
1782
1782
1783
1784
1784
1785
1785
1786
1787
1789
1791
1791
1792
1792
1792
1794
1794
1795
1795
1798
1798
1799
1799
1799
1799
1801
1801
1805
1807
1807
1808
1813
1813
1813
1813
1815
1815
1820
1821
1821
1821
1823
1825
1826
1827
1827
1828
1829
1829
1830
1832
1833
1834
1835
1835
1835
1836
1838
1838
1839
1840
1840
1840
1841
1841
1841
1842
1842
1843
1845
1846
1849
1849
1850
1850
1851
1851
1851
1851
1852
1854
1855
1856
1856
1858
1860
1860
1860
1861
1862
1862
1864
1865
1865
1866
1866
1867
1868
1869
1870
1871
1873
1874
1875
1875
1875
1880
1883
1883
1888
1888
1888
1889
1890
1892
1893
1893
1893
1895
1896
1898
1898
1898
1899
1900
1902
1903
1903
1904
1905
1906
1907
1908
1908
1909
1910
1911
1912
1912
1914
1917
1918
1920
1920
1922
1922
1922
1923
1923
1923
1925
1927
1929
1931
1931
1934
1936
1938
1938
1939
1939
1941
1945
1945
1945
1946
1947
1947
1949
1949
1949
1949
1950
1950
1952
1952
1955
1955
1956
1958
1958
1960
1960
1961
1962
1963
1964
1966
1967
1967
1970
1972
1972
1973
1974
1975
1978
1978
1978
1980
1980
1982
1984
1985
1986
1987
1987
1990
1991
1991
1992
1993
1994
1995
1995
1995
1995
1996
1998
2001
2002
2003
2004
2004
2006
2007
2007
2007
2007
2009
2011
2011
2012
2013
2016
2017
2018
2018
2019
2019
2019
2021
2021
2021
2022
2023
2023
2024
2024
2024
2025
2025
2026
2026
2026
2027
2027
2028
2029
2030
2030
2032
2032
2032
2032
2033
2034
2034
2034
2034
2035
2035
2035
2035
2036
2036
2036
2037
2041
2047
2047
2049
2049
2050
2052
2052
2052
2053
2053
2053
2054
2055
2055
2056
2056
2057
2057
2058
2059
2059
2059
2060
2063
2064
2065
2066
2068
2072
2073
2073
2075
2075
2075
2076
2076
2077
2078
2078
2078
2078
2080
2081
2083
2084
2086
2086
2089
2089
2091
2091
2091
2091
2092
2093
2094
2094
2095
2095
2095
2099
2099
2100
2100
2101
2103
2106
2106
2106
2106
2107
2107
2109
2110
2110
2110
2115
2115
2116
2117
2118
2120
2120
2120
2120
2120
2121
2122
2122
2125
2128
2128
2129
2130
2130
2131
2132
2134
2135
2138
2139
2140
2142
2144
2144
2146
2147
2148
2148
2149
2150
2150
2151
2153
2154
2155
2157
2161
2161
2162
2162
2163
2163
2163
2163
2164
2165
2165
2165
2166
2166
2169
2170
2173
2173
2175
2175
2175
2178
2178
2179
2180
2181
2182
2188
2189
2189
2189
2189
2191
2192
2192
2193
2195
2195
2196
2198
2198
2199
2199
2199
2200
2201
2201
2204
2205
2205
2210
2212
2213
2213
2213
2214
2215
2215
2216
2217
2219
2221
2221
2222
2223
2224
2225
2226
2227
2232
2233
2233
2234
2235
2235
2236
2239
2240
2240
2240
2241
2243
2244
2244
2245
2247
2247
2247
2247
2251
2251
2253
2253
2253
2254
2254
2255
2255
2256
2258
2259
2261
2261
2261
2262
2262
2263
2263
2264
2264
2264
2268
2268
2269
2271
2271
2272
2272
2273
2274
2275
2275
2277
2277
2277
2278
2281
2281
2282
2282
2284
2284
2284
2284
2285
2285
2286
2286
2286
2286
2287
2288
2289
2293
2294
2295
2296
2296
2296
2296
2296
2296
2296
2298
2298
2299
2299
2302
2303
2305
2306
2306
2306
2308
2309
2312
2312
2313
2314
2314
2315
2315
2316
2316
2316
2316
2317
2319
2321
2322
2322
2323
2323
2323
2324
2328
2330
2331
2334
2334
2337
2339
2341
2341
2342
2342
2343
2346
2347
2349
2350
2351
2352
2353
2353
2354
2354
2356
2357
2358
2358
2358
2361
2362
2363
2363
2364
2364
2365
2366
2366
2368
2369
2370
2370
2370
2370
2371
2372
2372
2373
2373
2373
2374
2374
2375
2375
2375
2376
2376
2376
2377
2378
2382
2382
2383
2385
2385
2386
2388
2388
2388
2389
2389
2389
2390
2392
2393
2394
2394
2395
2396
2396
2396
2397
2399
2400
2401
2402
2402
2402
2403
2403
2403
2405
2407
2408
2408
2410
2411
2411
2412
2413
2416
2417
2418
2418
2418
2419
2419
2419
2419
2420
2420
2420
2423
2424
2427
2429
2430
2430
2430
2431
2433
2434
2434
2435
2436
2437
2438
2438
2439
2439
2439
2440
2441
2442
2442
2442
2442
2443
2443
2443
2444
2444
2446
2446
2449
2449
2450
2450
2451
2451
2453
2453
2455
2456
2456
2457
2457
2457
2458
2458
2460
2460
2462
2463
2464
2464
2464
2464
2464
2466
2466
2466
2466
2467
2468
2468
2469
2470
2471
2471
2472
2474
2475
2476
2476
2477
2477
2479
2479
2480
2482
2485
2486
2487
2488
2489
2489
2490
2490
2492
2494
2496
2496
2497
2498
2499
2500
2502
2502
2502
2504
2504
2505
2506
2506
2506
2508
2510
2512
2512
2513
2516
2517
2518
2518
2518
2519
2519
2520
2521
2522
2523
2525
2526
2529
2529
2529
2531
2533
2535
2535
2536
2541
2543
2545
2548
2550
2550
2551
2552
2553
2554
2556
2557
2558
2560
2561
2562
2562
2563
2563
2563
2564
2565
2566
2567
2568
2569
2570
2570
2571
2574
2575
2577
2581
2583
2584
2585
2586
2588
2588
2589
2593
2593
2593
2594
2594
2594
2596
2597
2598
2598
2598
2599
2600
2603
2603
2604
2604
2605
2606
2608
2610
2611
2612
2612
2614
2614
2615
2615
2615
2618
2619
2621
2622
2622
2623
2623
2625
2625
2625
2626
2627
2627
2627
2628
2630
2631
2631
2631
2632
2632
2634
2634
2634
2635
2638
2638
2639
2640
2641
2641
2642
2642
2643
2644
2644
2646
2648
2648
2648
2650
2650
2651
2651
2652
2654
2656
2657
2657
2657
2658
2658
2660
2660
2661
2661
2661
2662
2662
2663
2664
2664
2665
2666
2667
2667
2668
2668
2671
2672
2672
2674
2675
2678
2678
2680
2680
2681
2684
2684
2685
2685
2688
2689
2689
2689
2692
2692
2694
2697
2697
2699
2702
2702
2703
2704
2704
2705
2706
2707
2707
2707
2708
2709
2710
2711
2711
2711
2711
2712
2713
2713
2714
2714
2714
2715
2715
2717
2718
2719
2720
2722
2725
2725
2726
2726
2726
2726
2727
2728
2728
2728
2729
2730
2731
2731
2731
2731
2732
2733
2733
2735
2737
2738
2739
2740
2740
2741
2743
2743
2744
2744
2744
2746
2748
2749
2749
2750
2751
2753
2754
2757
2759
2760
2761
2763
2764
2767
2767
2770
2770
2771
2771
2772
2773
2773
2774
2775
2776
2776
2777
2779
2782
2784
2785
2786
2787
2788
2788
2788
2790
2792
2793
2793
2794
2794
2794
2795
2797
2797
2798
2798
2800
2800
2801
2801
2802
2802
2803
2803
2805
2805
2807
2807
2809
2810
2812
2815
2815
2816
2816
2817
2819
2819
2821
2822
2823
2823
2824
2825
2826
2831
2831
2831
2832
2832
2833
2834
2834
2835
2835
2835
2836
2836
2837
2841
2842
2843
2843
2844
2844
2844
2846
2847
2849
2849
2850
2850
2853
2854
2855
2855
2855
2855
2859
2860
2860
2860
2861
2862
2864
2865
2865
2871
2872
2872
2872
2872
2874
2874
2874
2877
2877
2878
2878
2883
2885
2887
2892
2893
2894
2896
2899
2901
2907
2909
2911
2915
2915
2916
2918
2922
2923
2925
2927
2927
2928
2929
2930
2930
2930
2933
2934
2934
2936
2938
2938
2939
2939
2941
2941
2943
2944
2947
2947
2948
2948
2948
2949
2951
2951
2952
2954
2955
2955
2956
2957
2957
2957
2957
2958
2959
2960
2961
2962
2964
2965
2968
2968
2969
2970
2971
2971
2972
2972
2972
2973
2973
2973
2975
2976
2977
2979
2980
2982
2984
2984
2986
2990
2993
2994
2994
2996
3000
3002
3003
3006
3006
3008
3010
3012
3012
3015
3015
3016
3017
3018
3019
3019
3019
3020
3021
3022
3024
3024
3025
3025
3026
3027
3027
3028
3028
3029
3029
3030
3032
3033
3035
3036
3037
3039
3039
3040
3040
3041
3042
3043
3043
3043
3045
3045
3046
3046
3049
3050
3052
3054
3055
3055
3055
3055
3055
3058
3058
3058
3059
3061
3061
3062
3063
3064
3065
3065
3067
3071
3072
3073
3073
3074
3076
3076
3076
3077
3077
3077
3078
3078
3081
3082
3082
3082
3084
3084
3085
3085
3086
3087
3089
3090
3090
3091
3093
3093
3094
3095
3095
3096
3096
3097
3097
3101
3102
3104
3107
3111
3111
3112
3113
3118
3120
3120
3121
3124
3128
3130
3131
3132
3133
3136
3137
3137
3140
3140
3141
3142
3142
3142
3143
3145
3146
3147
3148
3152
3153
3154
3154
3154
3154
3156
3158
3158
3158
3159
3160
3162
3162
3163
3163
3164
3165
3165
3167
3167
3167
3168
3170
3170
3174
3176
3177
3178
3179
3180
3180
3182
3184
3186
3187
3189
3190
3194
3194
3195
3195
3197
3198
3200
3200
3205
3208
3210
3210
3211
3212
3214
3214
3214
3215
3215
3217
3218
3222
3222
3223
3223
3224
3225
3227
3231
3231
3235
3236
3236
3237
3239
3239
3239
3239
3240
3242
3246
3246
3247
3247
3249
3249
3251
3252
3255
3255
3255
3257
3257
3262
3265
3266
3267
3268
3269
3271
3272
3273
3275
3276
3279
3279
3279
3282
3283
3284
3284
3286
3286
3288
3291
3296
3298
3298
3299
3300
3301
3301
3301
3302
3304
3305
3307
3308
3309
3310
3312
3312
3316
3316
3318
3320
3324
3324
3326
3327
3327
3328
3330
3331
3331
3332
3332
3333
3335
3335
3337
3337
3338
3341
3343
3348
3349
3350
3351
3354
3357
3358
3359
3359
3361
3363
3363
3363
3365
3366
3366
3366
3370
3371
3371
3372
3373
3377
3377
3378
3384
3384
3384
3385
3385
3387
3387
3388
3388
3388
3390
3391
3392
3393
3394
3398
3399
3399
3399
3400
3401
3401
3409
3410
3411
3412
3413
3415
3416
3418
3418
3418
3423
3424
3428
3428
3431
3433
3433
3436
3437
3437
3438
3441
3441
3442
3442
3442
3444
3445
3447
3448
3450
3450
3451
3453
3454
3455
3458
3459
3459
3460
3460
3461
3463
3463
3463
3468
3468
3470
3470
3471
3471
3472
3473
3473
3474
3475
3476
3481
3481
3484
3484
3486
3486
3486
3489
3489
3490
3490
3491
3493
3493
3495
3496
3498
3501
3502
3503
3504
3507
3509
3509
3510
3513
3515
3515
3517
3517
3518
3519
3521
3523
3523
3529
3531
3532
3533
3534
3535
3537
3537
3537
3537
3538
3539
3539
3540
3542
3543
3543
3545
3546
3546
3547
3549
3551
3551
3552
3553
3556
3558
3558
3558
3558
3559
3565
3566
3567
3570
3572
3574
3575
3576
3576
3579
3579
3579
3579
3579
3579
3580
3580
3581
3581
3584
3585
3587
3588
3590
3590
3591
3591
3591
3597
3600
3600
3601
3601
3602
3602
3606
3606
3609
3609
3611
3612
3613
3614
3615
3617
3620
3621
3622
3624
3625
3627
3632
3632
3635
3635
3636
3638
3645
3647
3648
3649
3652
3653
3653
3654
3656
3657
3658
3660
3661
3661
3662
3664
3664
3664
3667
3668
3669
3669
3669
3670
3670
3671
3673
3673
3676
3677
3677
3678
3679
3679
3680
3682
3683
3685
3686
3689
3690
3691
3692
3696
3697
3699
3701
3702
3702
3703
3704
3705
3706
3707
3708
3710
3711
3711
3712
3712
3715
3716
3716
3717
3718
3719
3720
3721
3721
3722
3722
3724
3724
3727
3727
3727
3732
3732
3733
3734
3734
3735
3735
3736
3736
3738
3739
3742
3743
3747
3747
3747
3753
3755
3755
3757
3758
3763
3763
3764
3766
3766
3766
3767
3767
3769
3771
3776
3776
3776
3778
3779
3780
3781
3785
3785
3786
3788
3788
3789
3789
3793
3793
3794
3797
3797
3798
3798
3798
3799
3805
3805
3805
3805
3805
3808
3809
3809
3810
3810
3811
3812
3814
3816
3818
3821
3821
3822
3827
3831
3832
3834
3835
3836
3837
3838
3840
3841
3842
3842
3844
3845
3846
3846
3846
3846
3848
3849
3850
3852
3853
3853
3854
3854
3859
3859
3860
3861
3862
3863
3864
3870
3870
3873
3875
3876
3877
3880
3882
3884
3885
3885
3887
3890
3891
3893
3894
3901
3902
3904
3904
3905
3907
3907
3909
3909
3911
3913
3913
3914
3915
3916
3917
3918
3918
3920
3921
3922
3923
3929
3929
3930
3932
3935
3936
3938
3938
3939
3940
3943
3945
3945
3945
3945
3946
3947
3948
3948
3950
3952
3955
3955
3957
3957
3961
3966
3970
3973
3975
3978
3978
3980
3982
3983
3983
3984
3985
3986
3989
3992
3995
3996
4001
4004
4005
4006
4008
4009
4013
4016
4023
4024
4025
4028
4029
4031
4032
4032
4035
4037
4042
4042
4043
4043
4047
4048
4049
4052
4053
4055
4058
4058
4062
4062
4063
4063
4064
4064
4066
4067
4067
4067
4069
4071
4071
4074
4076
4079
4080
4088
4090
4090
4090
4092
4095
4095
4100
4100
4101
4104
4104
4104
4105
4106
4107
4108
4110
4113
4114
4114
4115
4115
4116
4119
4120
4122
4123
4123
4123
4124
4126
4131
4131
4132
4133
4134
4135
4135
4136
4136
4137
4137
4138
4139
4139
4141
4144
4146
4149
4149
4151
4151
4156
4157
4157
4161
4162
4164
4165
4166
4170
4171
4171
4171
4171
4171
4171
4177
4179
4180
4186
4186
4187
4187
4188
4188
4192
4195
4204
4206
4213
4218
4226
4229
4231
4231
4233
4233
4234
4235
4237
4238
4242
4250
4250
4252
4253
4253
4255
4258
4259
4260
4261
4261
4263
4274
4274
4274
4275
4278
4279
4287
4287
4289
4293
4295
4296
4297
4297
4299
4300
4303
4303
4307
4308
4308
4308
4310
4313
4316
4317
4319
4319
4320
4322
4322
4323
4325
4326
4326
4328
4330
4331
4334
4338
4341
4346
4349
4356
4360
4361
4361
4362
4373
4373
4374
4375
4375
4376
4377
4379
4383
4385
4387
4388
4392
4393
4394
4397
4400
4402
4404
4404
4405
4406
4406
4407
4409
4409
4411
4415
4415
4416
4424
4426
4426
4428
4428
4431
4432
4433
4433
4433
4434
4435
4435
4435
4438
4445
4449
4449
4452
4455
4457
4457
4458
4459
4460
4462
4464
4465
4466
4467
4469
4470
4472
4473
4475
4476
4479
4480
4486
4486
4487
4488
4489
4489
4490
4490
4492
4494
4494
4496
4497
4499
4499
4501
4501
4502
4503
4503
4506
4506
4507
4508
4510
4514
4515
4517
4520
4524
4524
4525
4525
4527
4527
4529
4535
4537
4538
4539
4540
4542
4543
4544
4544
4544
4545
4545
4548
4548
4552
4552
4554
4554
4555
4556
4559
4560
4566
4569
4572
4573
4576
4578
4581
4582
4582
4583
4586
4588
4590
4593
4595
4596
4598
4599
4602
4604
4604
4607
4608
4609
4615
4617
4618
4618
4624
4625
4625
4628
4628
4631
4631
4632
4632
4634
4637
4637
4637
4638
4640
4642
4644
4644
4645
4650
4652
4655
4658
4664
4669
4671
4676
4676
4678
4679
4682
4684
4684
4686
4693
4694
4696
4696
4697
4698
4698
4699
4701
4701
4705
4706
4708
4711
4714
4714
4714
4717
4717
4720
4723
4725
4728
4729
4729
4731
4731
4731
4732
4732
4736
4736
4737
4737
4737
4738
4740
4741
4741
4744
4744
4744
4747
4749
4750
4752
4753
4755
4758
4759
4760
4765
4766
4767
4768
4770
4770
4771
4772
4773
4774
4775
4779
4779
4781
4782
4783
4784
4784
4786
4786
4787
4789
4789
4794
4794
4795
4796
4796
4799
4799
4801
4802
4804
4804
4806
4808
4809
4809
4809
4810
4812
4815
4815
4817
4824
4833
4836
4836
4837
4838
4840
4846
4847
4848
4851
4851
4855
4856
4860
4862
4865
4867
4869
4876
4876
4877
4881
4882
4882
4882
4885
4886
4889
4892
4895
4896
4901
4901
4903
4905
4906
4908
4909
4909
4910
4910
4912
4914
4915
4915
4916
4920
4921
4923
4925
4927
4928
4929
4932
4932
4934
4938
4940
4943
4944
4951
4954
4954
4954
4959
4965
4967
4970
4974
4974
4977
4978
4979
4979
4980
4980
4980
4981
4983
4984
4986
4990
4992
4992
4993
4993
4997
5002
5003
5003
5008
5010
5015
5015
5017
5017
5018
5020
5020
5021
5022
5026
5026
5027
5027
5029
5031
5032
5034
5035
5035
5036
5038
5038
5038
5040
5048
5050
5053
5053
5056
5056
5058
5059
5059
5061
5061
5062
5064
5065
5065
5065
5067
5067
5071
5071
5072
5073
5073
5075
5076
5077
5077
5078
5079
5080
5080
5080
5082
5082
5084
5086
5086
5089
5091
5092
5093
5093
5104
5107
5109
5110
5114
5115
5116
5118
5122
5122
5123
5124
5129
5130
5131
5132
5135
5136
5138
5139
5140
5141
5143
5143
5144
5145
5146
5148
5150
5150
5150
5154
5154
5155
5158
5160
5168
5168
5170
5174
5175
5176
5179
5179
5179
5180
5183
5184
5184
5185
5185
5186
5189
5190
5194
5197
5198
5200
5203
5204
5207
5208
5208
5210
5215
5216
5219
5220
5220
5222
5225
5233
5235
5239
5242
5245
5246
5251
5251
5253
5255
5257
5262
5265
5266
5268
5269
5273
5275
5275
5276
5281
5282
5282
5291
5293
5293
5293
5295
5302
5303
5304
5307
5311
5314
5316
5316
5317
5318
5318
5323
5324
5327
5329
5330
5331
5336
5336
5337
5338
5344
5345
5348
5348
5352
5354
5355
5357
5361
5361
5364
5364
5372
5377
5380
5389
5391
5391
5392
5392
5392
5392
5393
5393
5398
5399
5405
5413
5415
5416
5417
5418
5418
5419
5419
5419
5420
5420
5420
5428
5429
5429
5430
5433
5434
5439
5443
5444
5446
5448
5450
5453
5453
5455
5457
5457
5458
5460
5462
5463
5463
5466
5474
5476
5476
5477
5477
5481
5481
5483
5484
5485
5490
5494
5495
5497
5499
5499
5507
5512
5514
5516
5524
5524
5528
5528
5532
5536
5538
5540
5548
5550
5552
5553
5557
5557
5559
5562
5562
5562
5565
5565
5566
5567
5574
5577
5578
5582
5583
5585
5587
5587
5587
5589
5589
5589
5591
5594
5596
5600
5602
5602
5604
5610
5610
5610
5612
5614
5614
5615
5615
5616
5618
5618
5622
5625
5626
5631
5632
5633
5635
5638
5638
5639
5640
5646
5647
5649
5654
5659
5660
5663
5664
5665
5675
5677
5677
5680
5682
5682
5683
5684
5687
5693
5699
5701
5705
5711
5711
5714
5714
5715
5718
5720
5722
5723
5731
5735
5737
5741
5746
5747
5754
5760
5762
5763
5763
5766
5766
5768
5770
5770
5770
5772
5773
5773
5774
5774
5777
5779
5784
5785
5787
5787
5788
5789
5796
5796
5796
5797
5804
5807
5809
5811
5814
5819
5823
5823
5824
5826
5828
5828
5829
5831
5831
5832
5837
5839
5843
5849
5855
5856
5862
5864
5865
5865
5866
5867
5873
5874
5883
5885
5887
5888
5892
5892
5892
5895
5900
5901
5901
5904
5914
5916
5917
5922
5926
5928
5932
5932
5935
5935
5938
5942
5945
5948
5949
5953
5954
5956
5961
5961
5967
5968
5969
5970
5973
5975
5984
5986
5986
5987
5991
5991
5992
5995
5998
6000
6002
6007
6009
6012
6014
6018
6019
6025
6025
6026
6031
6033
6035
6040
6040
6040
6042
6043
6044
6045
6047
6049
6049
6049
6050
6051
6052
6053
6055
6056
6058
6058
6058
6064
6071
6073
6074
6077
6082
6083
6084
6084
6084
6090
6092
6093
6095
6095
6096
6100
6101
6102
6104
6104
6107
6108
6114
6116
6118
6119
6121
6122
6122
6122
6124
6129
6130
6131
6133
6133
6141
6143
6145
6150
6152
6154
6159
6163
6165
6171
6171
6172
6173
6177
6178
6178
6178
6179
6183
6185
6186
6189
6195
6200
6201
6203
6204
6207
6208
6211
6215
6216
6222
6224
6226
6227
6227
6229
6229
6230
6230
6231
6240
6242
6245
6245
6247
6254
6258
6259
6260
6263
6263
6268
6271
6272
6273
6274
6275
6279
6280
6282
6286
6289
6292
6294
6296
6297
6299
6300
6303
6310
6312
6312
6312
6312
6317
6322
6322
6322
6324
6324
6324
6325
6327
6327
6329
6329
6330
6334
6334
6334
6335
6340
6341
6342
6343
6349
6349
6350
6351
6352
6354
6355
6355
6356
6357
6357
6362
6364
6365
6367
6367
6368
6368
6371
6372
6373
6373
6374
6377
6378
6381
6384
6389
6390
6392
6392
6393
6395
6396
6401
6404
6404
6405
6406
6406
6409
6415
6422
6426
6428
6430
6432
6434
6435
6435
6436
6436
6438
6438
6440
6440
6442
6444
6445
6445
6446
6450
6450
6452
6452
6453
6455
6456
6457
6458
6459
6459
6459
6460
6466
6474
6475
6476
6478
6480
6480
6483
6484
6485
6488
6489
6489
6490
6490
6490
6493
6493
6495
6501
6509
6517
6519
6523
6526
6527
6528
6532
6534
6537
6538
6539
6541
6541
6546
6555
6557
6558
6562
6568
6573
6576
6580
6585
6586
6587
6589
6590
6591
6592
6596
6597
6599
6600
6601
6604
6607
6608
6609
6611
6614
6615
6616
6617
6618
6619
6619
6620
6622
6623
6624
6626
6627
6628
6632
6632
6633
6638
6640
6641
6642
6642
6643
6649
6653
6657
6666
6666
6667
6671
6674
6675
6675
6676
6677
6678
6679
6680
6681
6682
6682
6684
6684
6687
6692
6693
6698
6698
6700
6700
6700
6700
6701
6701
6704
6704
6708
6711
6712
6712
6713
6713
6714
6719
6720
6721
6723
6726
6727
6730
6731
6733
6735
6736
6737
6739
6739
6740
6745
6747
6748
6756
6757
6759
6760
6764
6765
6766
6767
6767
6773
6774
6776
6777
6777
6779
6789
6791
6795
6795
6797
6797
6798
6799
6799
6800
6801
6802
6804
6812
6813
6814
6815
6816
6819
6819
6821
6821
6822
6824
6825
6830
6831
6833
6839
6844
6846
6846
6846
6850
6851
6852
6855
6855
6856
6859
6860
6866
6869
6870
6871
6872
6875
6877
6878
6880
6881
6881
6882
6883
6884
6886
6893
6894
6898
6898
6899
6900
6902
6903
6903
6905
6905
6907
6911
6912
6915
6916
6919
6920
6921
6921
6923
6925
6926
6926
6927
6927
6930
6930
6930
6932
6932
6934
6938
6938
6944
6945
6945
6946
6950
6950
6952
6959
6963
6968
6973
6975
6983
6985
6992
6995
7000
7002
7004
7005
7015
7015
7017
7021
7024
7024
7026
7027
7029
7031
7034
7037
7043
7045
7045
7050
7051
7053
7059
7060
7062
7067
7068
7069
7069
7070
7071
7072
7075
7077
7078
7079
7082
7084
7085
7090
7090
7091
7094
7098
7098
7101
7104
7104
7104
7106
7106
7109
7109
7109
7110
7111
7111
7111
7112
7113
7116
7118
7120
7123
7129
7130
7131
7131
7134
7135
7139
7139
7150
7151
7152
7153
7153
7155
7157
7163
7163
7164
7166
7167
7169
7169
7170
7171
7172
7172
7173
7173
7176
7180
7180
7182
7184
7185
7189
7191
7192
7194
7196
7196
7199
7202
7204
7205
7208
7211
7211
7213
7214
7216
7216
7217
7218
7219
7220
7224
7226
7227
7230
7233
7235
7237
7242
7244
7244
7245
7246
7248
7249
7250
7251
7252
7255
7255
7259
7260
7261
7261
7264
7267
7268
7270
7273
7277
7281
7282
7287
7289
7289
7291
7291
7291
7292
7294
7294
7295
7297
7299
7300
7303
7305
7310
7323
7324
7324
7326
7326
7327
7327
7329
7330
7330
7332
7346
7348
7349
7354
7355
7356
7359
7361
7362
7363
7364
7365
7370
7371
7374
7378
7385
7388
7390
7391
7391
7392
7395
7396
7397
7401
7401
7403
7404
7405
7408
7409
7411
7412
7412
7412
7412
7412
7413
7417
7418
7420
7421
7421
7423
7424
7426
7429
7432
7433
7437
7438
7439
7442
7444
7445
7452
7459
7462
7464
7466
7466
7470
7470
7471
7474
7475
7475
7475
7477
7478
7480
7480
7481
7485
7486
7493
7494
7495
7496
7498
7500
7501
7503
7503
7504
7504
7507
7508
7518
7519
7522
7529
7533
7534
7538
7540
7541
7542
7549
7552
7553
7558
7563
7567
7570
7570
7571
7571
7575
7579
7580
7585
7586
7590
7592
7595
7595
7597
7604
7605
7609
7611
7612
7614
7614
7615
7615
7615
7621
7624
7625
7626
7627
7629
7629
7630
7631
7632
7634
7636
7637
7639
7639
7640
7640
7642
7648
7648
7653
7656
7658
7660
7662
7665
7667
7668
7669
7671
7671
7671
7674
7674
7675
7677
7678
7678
7681
7684
7687
7688
7688
7692
7695
7695
7695
7696
7701
7703
7708
7708
7709
7712
7712
7714
7715
7715
7716
7718
7720
7721
7723
7725
7725
7727
7729
7731
7732
7733
7733
7746
7746
7749
7749
7749
7751
7751
7752
7752
7754
7754
7756
7760
7762
7763
7764
7764
7768
7769
7770
7771
7772
7774
7777
7777
7783
7784
7787
7789
7791
7793
7796
7796
7799
7800
7801
7801
7806
7808
7810
7810
7812
7812
7819
7821
7823
7823
7824
7827
7827
7828
7829
7834
7835
7835
7836
7837
7842
7843
7847
7848
7851
7852
7854
7855
7856
7858
7861
7866
7870
7871
7872
7874
7875
7876
7876
7877
7877
7879
7881
7884
7887
7887
7889
7890
7895
7895
7896
7899
7900
7901
7907
7909
7914
7915
7915
7916
7920
7925
7928
7928
7930
7931
7933
7933
7938
7938
7942
7944
7945
7948
7948
7949
7950
7953
7955
7955
7958
7961
7962
7966
7967
7968
7969
7973
7974
7981
7982
7982
7985
7992
7992
7994
7998
8002
8006
8006
8008
8014
8016
8019
8021
8022
8023
8025
8028
8030
8042
8044
8045
8046
8050
8051
8051
8051
8052
8052
8059
8059
8061
8061
8064
8066
8069
8071
8073
8075
8076
8078
8083
8084
8085
8085
8091
8094
8096
8096
8096
8100
8102
8102
8104
8109
8113
8114
8117
8119
8123
8128
8132
8135
8136
8139
8139
8141
8141
8143
8144
8145
8146
8147
8148
8150
8153
8158
8159
8163
8164
8166
8166
8166
8168
8169
8176
8181
8182
8189
8191
8191
8198
8201
8201
8207
8207
8219
8221
8222
8223
8226
8230
8230
8233
8234
8240
8246
8247
8252
8252
8254
8256
8260
8261
8264
8266
8269
8269
8269
8286
8286
8289
8293
8294
8297
8298
8299
8300
8304
8307
8308
8308
8311
8312
8313
8314
8316
8319
8320
8326
8327
8331
8335
8336
8341
8342
8343
8344
8345
8346
8347
8347
8349
8349
8352
8353
8356
8356
8357
8361
8362
8370
8372
8372
8373
8378
8379
8380
8382
8390
8391
8392
8399
8401
8402
8405
8405
8406
8406
8409
8411
8411
8416
8416
8416
8417
8421
8422
8423
8424
8426
8427
8429
8431
8432
8433
8434
8438
8441
8443
8445
8448
8453
8454
8457
8458
8459
8462
8462
8463
8463
8466
8466
8467
8469
8473
8478
8479
8487
8487
8490
8491
8491
8491
8493
8493
8496
8502
8506
8509
8510
8515
8516
8518
8518
8520
8520
8523
8525
8526
8528
8528
8530
8531
8531
8536
8539
8540
8541
8541
8544
8548
8551
8551
8552
8552
8559
8560
8561
8561
8563
8564
8564
8566
8566
8569
8571
8574
8574
8574
8576
8576
8576
8583
8587
8592
8595
8596
8597
8597
8599
8601
8604
8605
8609
8615
8615
8619
8620
8620
8622
8623
8629
8631
8631
8633
8635
8638
8642
8644
8648
8648
8648
8651
8652
8655
8659
8659
8661
8666
8678
8687
8687
8689
8689
8689
8690
8692
8693
8693
8694
8694
8696
8699
8702
8703
8707
8710
8712
8712
8713
8714
8717
8720
8727
8730
8730
8731
8733
8735
8735
8735
8742
8745
8746
8757
8758
8758
8764
8765
8767
8771
8771
8772
8774
8777
8778
8783
8784
8786
8787
8789
8793
8797
8798
8802
8808
8809
8812
8814
8814
8817
8817
8818
8819
8826
8827
8827
8829
8830
8830
8831
8836
8837
8837
8837
8839
8839
8840
8844
8844
8849
8850
8852
8860
8861
8863
8864
8866
8868
8870
8874
8876
8877
8878
8880
8889
8890
8892
8894
8898
8901
8903
8908
8912
8913
8913
8914
8917
8921
8923
8924
8926
8927
8930
8931
8934
8942
8943
8946
8946
8947
8950
8951
8954
8956
8956
8959
8963
8964
8965
8967
8970
8970
8972
8973
8978
8978
8979
8979
8980
8981
8987
8988
8993
8996
8997
8997
8999
9000
9000
9001
9004
9004
9004
9007
9007
9010
9012
9013
9014
9016
9016
9018
9021
9023
9024
9025
9026
9030
9030
9034
9034
9036
9044
9046
9049
9050
9052
9054
9059
9060
9062
9063
9064
9068
9071
9075
9082
9083
9089
9093
9096
9099
9102
9106
9107
9111
9113
9114
9118
9124
9124
9124
9128
9133
9139
9140
9146
9146
9148
9152
9155
9156
9156
9159
9162
9165
9165
9168
9169
9169
9170
9171
9172
9174
9176
9176
9179
9183
9186
9186
9190
9191
9196
9202
9204
9205
9205
9215
9220
9220
9220
9221
9226
9227
9228
9230
9246
9250
9252
9254
9258
9258
9260
9261
9262
9262
9265
9268
9275
9276
9278
9282
9290
9290
9296
9305
9305
9307
9316
9320
9323
9325
9326
9327
9328
9331
9332
9337
9341
9341
9343
9346
9347
9349
9349
9351
9352
9352
9355
9356
9359
9359
9360
9360
9364
9366
9370
9370
9372
9376
9377
9378
9380
9382
9384
9384
9386
9389
9395
9410
9413
9424
9427
9434
9435
9437
9437
9440
9441
9444
9449
9451
9453
9454
9454
9455
9460
9460
9466
9469
9471
9473
9484
9486
9487
9488
9493
9496
9499
9501
9501
9502
9503
9503
9505
9506
9507
9510
9511
9511
9518
9521
9522
9527
9528
9529
9533
9533
9534
9534
9538
9541
9542
9545
9550
9553
9555
9556
9563
9569
9570
9571
9575
9575
9576
9579
9582
9583
9586
9593
9595
9599
9601
9601
9604
9609
9612
9613
9614
9621
9621
9622
9622
9629
9633
9633
9641
9642
9647
9651
9653
9656
9658
9658
9659
9659
9660
9660
9661
9661
9665
9666
9667
9667
9671
9674
9675
9678
9681
9681
9685
9686
9688
9689
9690
9695
9695
9700
9702
9702
9706
9706
9707
9708
9709
9719
9728
9729
9729
9729
9738
9738
9739
9739
9742
9744
9745
9745
9746
9747
9750
9752
9756
9757
9763
9766
9767
9770
9771
9779
9780
9781
9784
9786
9790
9794
9796
9801
9803
9806
9806
9807
9807
9808
9810
9811
9813
9813
9817
9817
9818
9819
9821
9821
9821
9823
9825
9826
9832
9837
9838
9842
9845
9848
9852
9853
9854
9855
9856
9858
9861
9864
9868
9869
9872
9877
9881
9882
9885
9887
9887
9887
9890
9893
9903
9908
9913
9915
9916
9916
9918
9921
9922
9922
9926
9929
9930
9930
9933
9934
9939
9940
9941
9949
9950
9953
9958
9964
9967
9969
9974
9980
9982
9984
9988
9988
9988
9988
9989
9992
9995
9998
9998
9999
10002
10004
10004
10005
10005
10009
10011
10013
10013
10015
10016
10023
10025
10027
10034
10037
10037
10038
10039
10042
10043
10044
10044
10044
10045
10047
10051
10055
10055
10058
10058
10059
10060
10060
10063
10066
10072
10073
10074
10075
10079
10082
10082
10086
10088
10093
10094
10097
10098
10100
10101
10105
10108
10128
10130
10131
10133
10133
10136
10138
10139
10141
10143
10148
10152
10154
10155
10155
10155
10155
10159
10168
10171
10173
10178
10184
10187
10194
10195
10198
10200
10200
10201
10203
10203
10205
10206
10208
10211
10211
10211
10215
10219
10221
10221
10226
10232
10239
10241
10244
10250
10252
10253
10258
10258
10262
10262
10263
10266
10268
10269
10270
10273
10273
10276
10281
10281
10282
10284
10295
10297
10301
10311
10313
10314
10316
10320
10322
10323
10326
10331
10335
10338
10346
10353
10357
10357
10357
10363
10364
10369
10369
10370
10371
10371
10373
10374
10375
10387
10388
10389
10390
10390
10391
10392
10394
10395
10396
10398
10399
10399
10402
10405
10413
10414
10419
10419
10423
10424
10424
10426
10428
10429
10429
10430
10432
10433
10436
10437
10437
10439
10440
10440
10441
10442
10444
10445
10446
10452
10452
10453
10455
10461
10470
10471
10471
10472
10473
10477
10480
10482
10484
10485
10487
10487
10491
10493
10497
10501
10501
10506
10507
10510
10526
10528
10531
10531
10533
10535
10536
10536
10540
10544
10548
10551
10555
10555
10560
10562
10564
10564
10567
10580
10581
10582
10586
10588
10591
10594
10594
10596
10597
10601
10602
10603
10605
10605
10608
10609
10613
10613
10621
10624
10626
10627
10628
10632
10636
10638
10643
10643
10643
10644
10646
10651
10653
10653
10659
10667
10667
10667
10669
10671
10675
10676
10676
10676
10678
10679
10679
10681
10682
10686
10687
10698
10698
10701
10702
10724
10725
10725
10728
10731
10732
10736
10738
10741
10747
10748
10748
10748
10749
10753
10753
10754
10755
10757
10764
10764
10770
10772
10773
10778
10781
10787
10789
10795
10797
10802
10805
10810
10811
10813
10814
10818
10820
10820
10822
10827
10827
10829
10830
10835
10836
10837
10839
10839
10846
10849
10850
10853
10856
10859
10863
10864
10866
10868
10868
10868
10870
10871
10873
10874
10877
10880
10881
10889
10894
10904
10905
10906
10908
10910
10911
10912
10913
10918
10923
10925
10926
10933
10937
10938
10938
10941
10943
10944
10945
10947
10948
10948
10960
10961
10963
10969
10969
10975
10978
10978
10981
10982
10984
10988
10991
10994
10995
10996
10998
10999
11002
11007
11009
11014
11015
11016
11019
11020
11025
11026
11026
11027
11028
11030
11035
11038
11039
11039
11042
11045
11046
11051
11052
11055
11056
11059
11060
11062
11064
11067
11070
11072
11075
11081
11082
11082
11087
11090
11092
11093
11094
11098
11104
11105
11111
11112
11112
11114
11116
11117
11117
11120
11122
11122
11123
11127
11130
11139
11139
11142
11149
11152
11155
11155
11157
11163
11168
11171
11172
11173
11174
11182
11183
11189
11190
11191
11193
11193
11194
11194
11194
11196
11199
11201
11202
11207
11208
11215
11215
11218
11219
11230
11231
11233
11240
11246
11247
11251
11261
11264
11266
11268
11270
11271
11272
11275
11278
11278
11285
11290
11294
11294
11296
11297
11301
11302
11309
11311
11312
11312
11315
11317
11318
11319
11319
11322
11324
11324
11326
11326
11333
11341
11342
11346
11349
11351
11351
11356
11362
11369
11370
11376
11377
11384
11388
11389
11389
11395
11403
11405
11413
11414
11414
11416
11427
11429
11434
11439
11443
11453
11458
11463
11465
11469
11470
11473
11474
11477
11478
11479
11479
11480
11486
11487
11489
11491
11492
11495
11496
11497
11498
11507
11516
11516
11522
11524
11526
11528
11528
11530
11534
11534
11537
11541
11545
11546
11546
11548
11551
11552
11553
11555
11556
11557
11557
11558
11559
11562
11567
11568
11569
11571
11572
11574
11580
11581
11583
11586
11592
11592
11595
11598
11598
11602
11607
11607
11612
11615
11619
11622
11623
11626
11631
11634
11637
11645
11646
11647
11651
11652
11656
11658
11663
11669
11670
11674
11676
11679
11680
11684
11688
11690
11691
11692
11692
11693
11694
11695
11699
11700
11700
11705
11706
11707
11708
11710
11714
11715
11715
11715
11718
11719
11723
11726
11734
11734
11736
11740
11740
11741
11742
11745
11746
11747
11752
11752
11752
11754
11756
11759
11760
11764
11764
11767
11770
11772
11773
11773
11776
11777
11781
11784
11788
11792
11802
11803
11803
11812
11812
11812
11814
11815
11818
11823
11824
11830
11833
11834
11835
11837
11838
11839
11839
11839
11841
11844
11845
11846
11851
11852
11853
11858
11861
11864
11865
11865
11867
11871
11878
11879
11879
11880
11882
11884
11887
11891
11892
11893
11903
11903
11904
11905
11907
11909
11910
11910
11913
11919
11920
11921
11922
11923
11925
11926
11926
11931
11936
11936
11938
11944
11948
11948
11951
11958
11962
11965
11966
11966
11970
11975
11983
11984
11988
11991
11996
11998
12001
12003
12006
12009
12015
12016
12016
12021
12031
12034
12040
12044
12045
12045
12049
12060
12065
12068
12086
12086
12089
12099
12101
12105
12105
12106
12106
12108
12111
12118
12124
12129
12133
12135
12139
12139
12145
12157
12158
12159
12161
12164
12170
12175
12176
12178
12179
12183
12189
12193
12200
12201
12201
12202
12207
12216
12218
12227
12230
12232
12233
12236
12236
12250
12257
12263
12264
12266
12266
12273
12275
12276
12276
12276
12279
12284
12286
12294
12295
12298
12299
12305
12308
12314
12315
12315
12320
12323
12323
12330
12330
12340
12343
12344
12344
12345
12346
12346
12349
12351
12362
12366
12366
12367
12369
12372
12376
12380
12382
12386
12387
12389
12391
12396
12401
12403
12404
12405
12406
12413
12415
12416
12420
12421
12424
12426
12433
12436
12437
12437
12443
12445
12447
12448
12450
12451
12453
12460
12462
12463
12470
12476
12485
12486
12487
12492
12492
12494
12495
12496
12496
12497
12503
12505
12512
12519
12521
12534
12536
12536
12541
12541
12549
12550
12553
12561
12562
12568
12571
12571
12572
12574
12581
12583
12588
12593
12593
12594
12594
12594
12595
12605
12607
12611
12612
12617
12620
12625
12626
12634
12647
12650
12654
12655
12658
12664
12668
12668
12671
12672
12672
12675
12680
12681
12689
12693
12693
12701
12704
12716
12723
12723
12724
12729
12729
12731
12731
12734
12736
12744
12751
12755
12757
12761
12771
12775
12777
12779
12783
12790
12794
12799
12808
12809
12809
12812
12813
12823
12825
12830
12833
12836
12839
12841
12842
12842
12846
12847
12848
12848
12851
12857
12866
12867
12873
12877
12877
12887
12896
12898
12900
12903
12907
12913
12915
12916
12922
12928
12930
12930
12936
12937
12938
12940
12940
12948
12948
12949
12951
12955
12956
12957
12960
12969
12970
12970
12979
12980
12981
12991
12991
12992
12997
12997
13002
13004
13004
13006
13008
13009
13009
13011
13016
13017
13026
13031
13034
13037
13042
13046
13062
13063
13064
13065
13066
13068
13069
13071
13078
13078
13080
13085
13086
13086
13090
13092
13109
13110
13118
13121
13121
13123
13124
13131
13132
13132
13134
13137
13140
13142
13145
13149
13152
13164
13165
13165
13172
13172
13178
13179
13180
13183
13184
13188
13195
13195
13199
13203
13204
13205
13207
13209
13210
13211
13211
13216
13216
13222
13226
13226
13230
13230
13231
13234
13236
13240
13247
13251
13258
13259
13261
13275
13276
13279
13280
13296
13298
13301
13301
13302
13303
13305
13308
13314
13315
13316
13326
13326
13330
13335
13336
13340
13342
13342
13358
13360
13362
13373
13376
13384
13395
13395
13396
13398
13398
13399
13399
13406
13408
13409
13410
13416
13422
13422
13425
13426
13429
13434
13442
13445
13447
13448
13449
13450
13453
13455
13455
13459
13462
13466
13466
13474
13476
13478
13478
13480
13482
13487
13496
13498
13501
13503
13510
13510
13517
13519
13523
13527
13541
13559
13570
13571
13580
13586
13593
13599
13599
13599
13602
13603
13604
13606
13609
13610
13619
13630
13634
13640
13642
13642
13646
13647
13649
13657
13663
13663
13665
13667
13667
13672
13673
13673
13676
13676
13677
13678
13682
13684
13686
13687
13687
13692
13693
13696
13697
13706
13708
13713
13714
13715
13725
13728
13728
13731
13734
13735
13736
13740
13742
13742
13742
13744
13746
13751
13752
13752
13752
13753
13753
13757
13761
13764
13770
13771
13776
13777
13782
13788
13789
13795
13796
13798
13798
13800
13804
13811
13821
13821
13828
13831
13841
13842
13844
13850
13851
13855
13865
13868
13876
13877
13878
13879
13883
13896
13900
13906
13907
13908
13911
13916
13919
13921
13929
13929
13932
13932
13937
13941
13942
13952
13952
13967
13969
13970
13971
13971
13975
13977
13985
13988
13994
13998
14003
14013
14016
14018
14019
14024
14025
14028
14028
14029
14035
14041
14043
14043
14044
14047
14048
14050
14051
14054
14056
14058
14059
14063
14067
14068
14073
14079
14080
14090
14093
14095
14101
14103
14103
14105
14106
14111
14114
14121
14121
14124
14126
14126
14129
14132
14133
14134
14134
14135
14135
14137
14140
14141
14142
14144
14154
14162
14167
14172
14175
14176
14176
14177
14178
14185
14186
14189
14197
14206
14208
14212
14216
14217
14219
14222
14224
14225
14229
14230
14231
14233
14233
14238
14241
14241
14243
14243
14256
14263
14265
14269
14270
14271
14284
14291
14291
14300
14308
14309
14320
14320
14323
14323
14324
14335
14336
14341
14341
14341
14342
14350
14350
14365
14381
14383
14389
14391
14395
14401
14414
14419
14426
14427
14434
14434
14436
14447
14449
14460
14465
14474
14483
14487
14493
14494
14495
14499
14500
14504
14505
14507
14509
14510
14518
14520
14523
14526
14534
14534
14536
14541
14542
14544
14546
14547
14549
14553
14558
14559
14574
14575
14581
14586
14590
14592
14597
14598
14600
14606
14608
14611
14611
14613
14614
14617
14619
14620
14627
14629
14631
14633
14635
14637
14638
14645
14646
14648
14648
14650
14652
14661
14663
14663
14664
14666
14675
14676
14681
14689
14692
14692
14698
14699
14700
14707
14707
14715
14727
14728
14738
14747
14748
14751
14757
14758
14759
14761
14766
14770
14770
14775
14790
14793
14796
14797
14804
14806
14808
14811
14813
14817
14817
14822
14826
14836
14838
14840
14841
14848
14848
14850
14852
14852
14859
14867
14868
14876
14876
14897
14897
14904
14908
14911
14912
14913
14920
14928
14929
14937
14939
14942
14950
14952
14953
14964
14970
14976
14977
14992
14996
14997
14998
15001
15002
15002
15005
15005
15017
15022
15023
15025
15026
15027
15032
15041
15044
15044
15045
15045
15047
15048
15049
15064
15064
15066
15067
15068
15070
15071
15074
15076
15077
15079
15081
15083
15089
15094
15095
15096
15101
15103
15105
15106
15108
15121
15139
15144
15146
15147
15165
15171
15172
15172
15172
15173
15176
15177
15179
15179
15182
15184
15186
15187
15192
15201
15205
15217
15221
15222
15222
15225
15226
15239
15244
15246
15250
15253
15254
15260
15264
15266
15267
15268
15269
15277
15278
15279
15283
15284
15284
15289
15291
15294
15295
15297
15305
15306
15308
15316
15319
15322
15325
15326
15327
15327
15329
15333
15341
15342
15343
15349
15353
15355
15369
15370
15370
15371
15374
15385
15385
15389
15400
15402
15408
15410
15420
15421
15423
15428
15432
15433
15436
15437
15445
15445
15449
15452
15456
15457
15464
15465
15465
15470
15475
15487
15493
15502
15516
15521
15522
15526
15529
15534
15536
15539
15542
15552
15562
15571
15575
15575
15575
15575
15585
15586
15587
15588
15589
15590
15594
15596
15603
15603
15620
15626
15629
15635
15646
15650
15659
15666
15674
15684
15688
15688
15690
15693
15698
15702
15703
15708
15718
15719
15720
15727
15732
15734
15735
15739
15741
15742
15755
15758
15758
15763
15768
15778
15787
15787
15790
15791
15799
15803
15815
15816
15816
15818
15820
15822
15824
15827
15838
15841
15844
15854
15856
15856
15857
15861
15863
15864
15866
15866
15870
15871
15872
15876
15877
15879
15887
15887
15890
15893
15894
15899
15900
15910
15911
15913
15916
15924
15925
15929
15934
15950
15955
15965
15965
15973
15974
15980
15985
15990
15994
15997
15999
16009
16018
16019
16023
16024
16027
16027
16029
16031
16031
16037
16042
16056
16069
16070
16070
16071
16074
16075
16075
16075
16083
16087
16093
16093
16094
16095
16106
16107
16111
16112
16117
16122
16123
16126
16127
16140
16145
16152
16156
16156
16159
16160
16169
16175
16178
16180
16181
16205
16207
16218
16225
16225
16239
16240
16248
16249
16254
16260
16263
16264
16265
16270
16277
16279
16284
16288
16302
16308
16314
16317
16319
16324
16324
16329
16333
16335
16335
16336
16337
16338
16339
16355
16355
16357
16359
16362
16370
16370
16379
16383
16385
16389
16390
16392
16392
16396
16398
16399
16400
16402
16403
16413
16434
16447
16455
16456
16457
16459
16462
16463
16472
16475
16475
16477
16484
16484
16485
16490
16503
16503
16520
16521
16525
16525
16532
16536
16540
16542
16546
16546
16547
16565
16580
16583
16584
16589
16590
16592
16607
16609
16610
16613
16616
16621
16622
16624
16632
16635
16638
16638
16638
16638
16644
16644
16647
16649
16655
16658
16659
16663
16666
16670
16672
16674
16684
16692
16701
16702
16713
16721
16726
16734
16739
16742
16742
16755
16756
16760
16761
16762
16763
16766
16769
16770
16785
16787
16793
16801
16809
16810
16811
16820
16830
16841
16856
16857
16858
16862
16862
16865
16867
16870
16880
16884
16884
16889
16889
16892
16894
16900
16903
16915
16925
16925
16937
16942
16944
16947
16961
16972
16974
16974
16983
16985
16988
16998
17004
17004
17005
17007
17010
17011
17020
17028
17029
17065
17069
17083
17086
17087
17087
17094
17094
17101
17105
17105
17113
17121
17136
17138
17148
17148
17150
17153
17162
17163
17163
17168
17174
17174
17177
17178
17181
17187
17189
17193
17197
17205
17208
17210
17211
17218
17221
17231
17235
17242
17249
17251
17255
17257
17257
17262
17266
17267
17270
17275
17275
17284
17285
17286
17291
17291
17297
17303
17303
17304
17309
17311
17314
17314
17326
17327
17330
17331
17336
17341
17342
17344
17346
17348
17350
17351
17353
17358
17361
17361
17362
17365
17369
17371
17373
17375
17376
17379
17380
17383
17384
17392
17392
17397
17400
17402
17404
17404
17414
17421
17425
17428
17429
17432
17435
17441
17443
17450
17458
17460
17463
17473
17474
17482
17490
17492
17493
17501
17504
17510
17510
17517
17522
17523
17531
17544
17555
17558
17560
17565
17565
17576
17579
17582
17583
17585
17587
17589
17595
17598
17603
17606
17609
17615
17617
17619
17620
17620
17624
17626
17632
17635
17636
17638
17647
17650
17652
17653
17659
17664
17664
17667
17668
17673
17675
17679
17680
17686
17687
17691
17691
17695
17698
17698
17700
17702
17705
17714
17717
17720
17721
17725
17726
17731
17732
17742
17746
17746
17747
17757
17767
17772
17790
17794
17795
17800
17801
17802
17803
17805
17807
17809
17817
17819
17833
17833
17835
17836
17843
17847
17853
17858
17860
17861
17874
17875
17883
17884
17884
17884
17885
17891
17895
17907
17909
17913
17915
17917
17917
17918
17923
17929
17930
17931
17932
17936
17940
17942
17944
17947
17949
17950
17960
17972
17974
17977
17982
17983
17987
18005
18006
18008
18010
18010
18018
18024
18025
18032
18035
18035
18037
18050
18052
18059
18066
18077
18081
18085
18087
18099
18099
18103
18110
18113
18114
18123
18123
18129
18139
18142
18146
18148
18150
18155
18156
18161
18165
18165
18174
18174
18175
18188
18189
18190
18191
18195
18200
18202
18210
18213
18226
18237
18253
18258
18268
18277
18293
18297
18303
18308
18317
18335
18342
18354
18361
18365
18369
18390
18397
18399
18401
18407
18412
18427
18429
18437
18440
18447
18450
18455
18455
18458
18465
18471
18473
18479
18483
18486
18502
18504
18505
18505
18506
18511
18513
18514
18522
18524
18525
18535
18538
18540
18545
18552
18555
18557
18568
18591
18597
18598
18602
18610
18624
18636
18638
18648
18654
18658
18658
18667
18681
18683
18684
18693
18697
18708
18713
18716
18718
18720
18724
18726
18727
18733
18745
18751
18752
18752
18753
18754
18766
18778
18783
18786
18788
18792
18793
18796
18797
18797
18799
18805
18807
18823
18825
18832
18847
18851
18854
18871
18888
18890
18890
18891
18895
18908
18910
18913
18915
18916
18921
18921
18922
18925
18930
18938
18942
18944
18944
18945
18947
18948
18952
18977
18987
18993
18996
18998
19000
19011
19012
19013
19015
19016
19017
19033
19045
19052
19055
19060
19062
19063
19063
19064
19071
19076
19082
19086
19095
19095
19096
19101
19107
19107
19128
19131
19131
19132
19137
19137
19138
19139
19142
19145
19149
19154
19161
19162
19164
19166
19176
19186
19191
19196
19198
19210
19211
19215
19221
19222
19236
19237
19238
19241
19254
19255
19258
19262
19262
19267
19270
19271
19274
19281
19284
19289
19297
19302
19302
19306
19319
19320
19328
19331
19333
19334
19338
19340
19340
19347
19351
19351
19357
19359
19368
19381
19382
19383
19394
19396
19403
19410
19414
19419
19419
19427
19429
19437
19437
19448
19457
19458
19462
19462
19464
19465
19489
19492
19502
19506
19506
19508
19509
19512
19512
19515
19516
19516
19519
19523
19523
19530
19543
19547
19548
19548
19556
19558
19560
19572
19574
19574
19576
19578
19581
19581
19584
19602
19603
19603
19612
19613
19616
19623
19635
19636
19637
19638
19642
19643
19644
19651
19653
19657
19660
19681
19685
19687
19689
19700
19701
19709
19710
19712
19718
19726
19756
19759
19764
19766
19777
19777
19780
19781
19782
19790
19793
19803
19808
19808
19815
19822
19825
19829
19833
19844
19854
19875
19879
19881
19884
19886
19891
19893
19896
19899
19909
19918
19941
19943
19947
19954
19956
19958
19963
19965
19967
19969
19984
19986
19996
20016
20018
20031
20047
20050
20056
20058
20058
20064
20072
20080
20101
20107
20115
20118
20123
20125
20132
20141
20143
20150
20150
20151
20157
20160
20170
20173
20175
20177
20177
20186
20188
20188
20192
20196
20207
20207
20209
20209
20219
20224
20227
20228
20236
20239
20245
20252
20256
20259
20262
20267
20270
20278
20280
20282
20292
20295
20296
20302
20308
20310
20313
20319
20327
20329
20368
20369
20373
20378
20388
20392
20394
20398
20403
20406
20406
20408
20419
20436
20445
20445
20449
20454
20463
20468
20469
20471
20477
20482
20482
20497
20504
20519
20530
20532
20533
20534
20543
20548
20550
20563
20582
20602
20607
20608
20609
20618
20625
20627
20630
20640
20650
20652
20654
20664
20664
20691
20702
20704
20711
20714
20715
20717
20727
20750
20757
20768
20787
20831
20831
20837
20844
20846
20859
20874
20875
20881
20882
20882
20883
20883
20883
20896
20906
20910
20915
20921
20924
20927
20930
20935
20948
20952
20956
20957
20964
20995
21007
21019
21020
21027
21051
21053
21062
21075
21075
21077
21091
21097
21097
21104
21113
21118
21137
21163
21165
21166
21168
21184
21207
21210
21211
21215
21216
21217
21217
21220
21225
21246
21248
21249
21270
21271
21282
21293
21296
21323
21329
21337
21379
21379
21400
21415
21418
21418
21421
21433
21461
21475
21491
21492
21493
21494
21503
21512
21523
21524
21525
21552
21552
21562
21565
21577
21582
21592
21606
21630
21637
21647
21656
21663
21666
21667
21669
21673
21673
21689
21692
21707
21709
21726
21741
21743
21752
21753
21760
21761
21771
21772
21785
21799
21821
21828
21829
21839
21839
21856
21858
21859
21861
21863
21867
21880
21887
21891
21901
21914
21936
21961
21962
21977
21977
21999
22004
22024
22026
22027
22044
22048
22074
22082
22084
22088
22091
22101
22112
22135
22138
22144
22189
22199
22220
22223
22238
22238
22238
22261
22268
22281
22292
22299
22305
22319
22324
22328
22331
22333
22351
22355
22377
22403
22408
22416
22419
22442
22443
22455
22461
22462
22465
22467
22469
22483
22519
22526
22536
22543
22569
22599
22621
22630
22642
22651
22657
22691
22692
22697
22700
22756
22763
22795
22796
22802
22837
22843
22850
22856
22880
22892
22918
22924
22939
22953
22970
22982
23029
23043
23087
23092
23117
23119
23139
23149
23152
23160
23169
23175
23191
23194
23203
23251
23256
23267
23275
23346
23353
23360
23360
23374
23390
23392
23397
23422
23430
23430
23441
23452
23464
23481
23497
23499
23503
23526
23551
23553
23563
23585
23589
23621
23627
23812
23821
23836
23842
23845
23850
23870
23893
23895
23926
23939
23957
23959
23960
23985
24020
24052
24053
24054
24054
24072
24111
24128
24153
24158
24184
24187
24204
24208
24220
24221
24253
24265
24319
24346
24403
24417
24430
24433
24442
24447
24451
24452
24456
24475
24503
24506
24520
24526
24539
24549
24559
24568
24571
24612
24620
24654
24691
24712
24738
24791
24800
24847
24875
24915
24931
24934
24953
24958
24968
24973
25014
25019
25031
25055
25065
25066
25067
25068
25075
25086
25126
25133
25231
25386
25433
25445
25446
25466
25513
25548
25565
25579
25633
25687
25710
25710
25735
25765
25787
25793
25794
25815
25845
25850
25859
25883
25924
25978
25989
26018
26046
26047
26076
26099
26124
26151
26210
26235
26266
26291
26301
26367
26380
26389
26504
26506
26593
26608
26647
26693
26699
26718
26730
26771
26819
26838
26918
26929
26940
26983
27003
27040
27066
27136
27241
27278
27284
27300
27302
27336
27383
27393
27452
27459
27512
27604
27699
27710
27718
27818
27829
28057
28115
28174
28230
28289
28307
28343
28349
28445
28725
28760
28775
28863
28979
29072
29073
29087
29417
29596
29627
29653
29688
29782
29817
30222
30281
30297
30300
30470
30606
30644
30710
30793
30977
31284
31293
31497
31586
31817
31828
31899
31941
31982
31984
32312
32342
32589
32674
32841
32877
32988
33079
33656
33739
33956
34039
34146
34282
34317
34341
34365
34933
34942
35225
35794
35996
36317
36349
36579
36662
38500
39208
39214
39634
39751
40196
